[[44.  5. 38. 30. 39. 41. 93. 71. 86. 12. 72. 92. 14.]
 [77. 34. 59. 13. 82.  6. 34.  9. 51. 32. 44.  7. 23.]
 [66. 25. 84. 12. 39. 27. 50. 28. 74. 23. 56. 97. 24.]
 [96. 35. 94. 85. 93. 35. 55. 69. 64.  9.  9. 40. 72.]
 [43. 84. 78. 98. 28. 83. 17. 67. 81. 59.  7. 99. 63.]
 [76. 56. 22. 86. 62. 60. 67. 44. 12. 72. 28. 17. 89.]
 [89. 86. 85.  5. 91. 82. 38. 37.  3. 84.  5. 21. 40.]
 [54.  9. 64. 92. 93. 90. 55. 13. 67. 99. 31. 23. 39.]
 [26. 74. 86. 86. 12. 62. 77. 81.  0. 74.  2. 28. 19.]
 [ 2. 60. 79. 91. 63. 49. 23. 57.  0. 51. 29. 15. 81.]
 [12. 42. 55. 85. 72. 22. 57.  1. 17. 95. 64. 11. 24.]
 [72. 73. 57. 43. 92. 91. 74. 61. 18. 30.  2. 33. 62.]]
 
[[58. 55. 60. 25. 61. 71. 96. 84. 70. 83. 68.]
 [89. 35. 32. 47. 82. 58.  1. 31. 61. 36. 67.]
 [18. 67. 39. 71.  2. 83. 41. 50. 73. 61. 52.]
 [49. 21. 53. 21. 10. 22. 57. 34. 49. 71.  0.]
 [19.  3. 44. 42. 99. 47. 11. 45. 44. 45. 17.]
 [88. 54. 55. 85.  2. 61. 57. 25. 57. 15. 73.]
 [58.  0.  8. 38. 45. 63. 27. 29. 92. 28. 92.]
 [10. 37. 94.  0. 38. 21.  2. 22. 85. 64.  0.]
 [22. 79. 60. 71.  5. 74. 14. 54. 44.  1. 59.]
 [14. 82. 92. 27.  4. 71. 68. 23. 57. 47. 42.]]
 
[[32. 61. 52. 94. 19. 11. 93. 48. 87. 36. 33.  7. 68. 58. 40.]
 [51. 93. 45. 64. 82. 72. 95. 59. 83. 83.  3. 50. 60. 32. 99.]
 [61. 62. 77. 73. 75. 27. 83. 98. 93. 12. 38. 61. 74. 78. 65.]
 [98. 54. 81. 62. 33. 50. 16. 16. 29. 39. 41.  0.  3. 53. 18.]
 [15.  2. 75. 83. 85. 60. 38. 97. 92. 12. 91. 95. 48. 43. 64.]
 [49. 98. 80. 65. 54. 24.  3. 15. 30. 38. 57. 59. 36. 31. 31.]
 [99. 77. 28.  4. 78. 46. 38. 79.  2. 18. 80. 81. 63. 76.  6.]
 [19. 44. 88. 75.  9. 79.  4. 64. 53. 96. 31. 33. 59. 75. 37.]
 [63.  2. 79. 87. 46. 48. 19. 20. 51. 25. 83. 28.  3. 74.  5.]
 [50.  4. 47. 83. 28. 27. 91. 55. 36.  0. 96. 78. 20.  7. 88.]
 [28. 10. 30. 53. 79. 14. 29. 58. 92. 10. 30. 50. 84. 72. 31.]
 [60. 94. 58. 21. 95. 85. 21. 93. 12. 33. 78. 50. 75. 27. 86.]
 [39. 52. 71. 74. 14.  2. 51. 69. 14. 28. 29. 91. 15. 76. 83.]
 [76. 48. 16. 85. 77. 52. 29. 64. 40. 49.  6. 29. 95. 81. 55.]]
 
[[57.  1. 57. 16. 98. 45. 78. 15. 86. 48. 64.]
 [25. 18. 38. 63. 58. 18. 36. 97. 98. 84. 13.]
 [ 0. 87. 85.  7.  3. 97. 15. 82.  1. 12.  7.]
 [42. 18. 39. 83. 93. 89. 41. 17.  7. 53. 28.]
 [62. 42. 24. 73. 47. 25.  4. 82. 89. 21. 65.]
 [47. 97. 85.  6. 26. 79.  3. 38. 39. 52. 65.]
 [57. 80. 53. 62. 19. 67. 76. 11. 59. 96. 59.]
 [80. 71. 84. 42. 32. 56. 41. 58. 79. 26. 53.]
 [43. 42. 40. 54. 97. 30. 27. 30. 55. 77. 80.]
 [94. 76. 28. 56. 35. 89. 27. 54. 54. 92. 39.]]
 
[[ 6. 21. 28. 54. 97. 87.  3. 24.]
 [27.  7. 86. 20. 70. 71. 53. 36.]
 [25. 81. 87. 75. 80.  9.  9. 49.]
 [76. 48. 90. 21. 43. 80. 20. 93.]
 [29. 75. 38. 49. 64. 67. 87.  4.]
 [ 9. 37. 62. 88. 65. 97. 72.  5.]
 [66. 73. 56. 10. 36. 98. 77. 31.]]
 
[[83. 73. 45. 52. 37. 31.  7.  2. 58. 44.]
 [ 7. 29. 66.  8. 68. 78. 66. 54. 32. 56.]
 [58. 59. 23. 24. 89. 46. 53. 30. 66. 30.]
 [60.  8. 96. 48. 94. 63. 32. 71. 43. 94.]
 [84. 85. 73. 93.  6. 54.  9. 39. 94. 39.]
 [99. 34. 13. 16. 64. 98. 86. 57. 92. 34.]
 [16. 18. 80. 56. 69.  6. 93. 38. 42. 24.]
 [81. 50. 41. 29. 55. 92. 51. 90. 30. 22.]
 [39. 90. 32. 53. 69. 82.  8. 23. 42. 17.]]
 
[[20. 87. 47. 20. 15. 65.]
 [79. 60. 89. 17. 30. 64.]
 [79. 13. 76. 28. 78. 79.]
 [ 8. 10. 14. 41. 87. 28.]
 [60. 47. 10. 50. 92. 31.]]
 
[[68. 75. 31. 11. 62. 99. 98. 42. 25. 89.]
 [ 3. 93. 70. 59.  7.  3. 34. 83. 76.  9.]
 [59. 75. 27. 96. 76. 91. 19.  7. 86. 54.]
 [93. 45. 82. 44. 47. 43.  6. 54.  5. 81.]
 [ 4. 47.  4. 79. 58. 37. 43. 17. 68. 20.]
 [22. 56. 72. 39. 78. 34. 29.  7. 31. 11.]
 [95. 11. 10. 21. 29. 61. 50.  9. 29. 25.]
 [47. 65. 64. 95. 36. 94. 42. 15. 63. 93.]
 [17. 46. 72. 73. 26. 63.  1. 65.  5. 75.]]
 
[[30. 30. 94. 75. 32. 95. 92. 71. 74. 66. 59. 99.  9. 82. 26. 19.]
 [26. 14. 26. 71. 87. 53.  9. 75.  9. 12. 11. 52. 71. 34. 38. 33.]
 [15. 80. 73. 11. 95. 64.  6. 44. 20. 84. 80. 63. 43. 77. 68. 30.]
 [38.  3. 48. 13. 15. 24. 96.  3. 46. 41. 69. 41. 20. 93. 98. 34.]
 [28. 73. 79. 45. 64. 31. 64. 92. 13. 28. 92. 22. 22. 30. 45. 18.]
 [55. 16. 83.  0. 10.  0. 89. 67. 75. 49.  6. 98. 60. 20. 11. 92.]
 [66. 75. 56.  8. 33. 24. 13. 50.  6. 97. 44. 16.  0. 80. 70. 45.]
 [11.  5. 89. 42. 42. 24. 69. 41. 98. 51. 20. 52. 26. 71. 99. 99.]
 [75. 42. 81. 43. 58. 29. 95. 93. 32. 80. 99. 30. 68. 95. 21. 72.]
 [29. 57. 84. 80. 75.  7. 74. 20. 17. 40. 29. 94. 55. 36.  2. 61.]
 [57. 21.  6. 72. 73. 53. 38. 28. 63. 37. 71. 29. 19. 12. 65. 29.]
 [81. 82. 35. 34. 49. 52. 76. 42. 49. 93. 86. 27. 37. 63. 10.  3.]
 [22. 29. 95. 43. 58. 71.  0. 12. 59. 97.  2. 11.  2. 95.  0. 64.]
 [47. 19. 96. 13. 29. 93. 35. 13. 70. 72. 63. 52. 11. 82. 95. 71.]
 [26. 22. 71.  1. 70. 35. 37. 32.  7. 71. 91. 56. 62. 11. 27. 61.]]
 
[[69. 72. 12. 31. 70. 39. 75.  5. 45. 95. 41. 19. 97. 55. 61. 56.]
 [34. 53. 53. 23. 20.  1. 93. 92. 22. 93. 38.  3. 19. 83. 53. 39.]
 [32.  8.  5. 11. 36. 15. 19. 17. 64. 28. 67.  0. 75.  8. 48. 52.]
 [64. 20. 77. 81. 23. 64. 29.  1.  9. 18. 45.  3. 39. 60. 36. 97.]
 [ 9. 24. 54. 67. 70. 24. 20. 37. 64. 26. 58. 90. 57.  6.  2. 17.]
 [21.  5. 42.  9. 96. 58. 46. 60.  4. 96. 82. 39. 24. 65. 63. 38.]
 [20. 60. 86. 98. 85.  0. 92. 47. 34.  7. 50. 11. 92. 91. 34. 44.]
 [18. 64. 16. 30. 69. 28. 71. 53.  6. 26.  9. 22. 18. 98. 25. 49.]
 [60. 32. 12. 83. 24. 10. 56. 15. 49. 93. 34. 20. 87. 33. 96. 82.]
 [32.  1. 19. 89. 86. 19. 85. 60. 81. 39. 35. 12.  8.  5. 24. 10.]
 [12. 50. 11.  9. 24. 33. 19. 70.  5. 97. 62. 93. 42. 86. 82. 80.]
 [69. 35. 93. 80. 53.  6. 39. 42. 31. 67. 46. 88. 11. 31. 25. 14.]
 [44. 79. 96.  4. 52. 98. 62. 56. 60. 44.  5. 42. 45. 39. 64. 23.]
 [86. 32. 22. 31. 34. 61.  5. 66. 24. 21. 39. 46. 92.  2. 27.  6.]
 [96. 26. 19. 66. 48. 38. 78. 92.  2. 74. 93. 99. 16. 22. 41. 67.]]
 
