[[42. 59. 22. 98. 54. 25. 25. 85. 51.  1. 84.]
 [66. 54.  0. 14. 23. 53. 69. 76. 38. 55. 82.]
 [33. 96. 75.  8. 81. 17. 68. 82. 60. 51.  2.]
 [27. 69.  7. 87. 74. 90. 82. 38. 98. 37. 24.]
 [51.  0. 28.  8. 97. 77. 14. 31. 50. 99. 83.]
 [ 5. 18. 26. 69. 63. 12.  3. 58. 70. 36. 86.]
 [ 8. 19. 69. 29.  3. 70. 56. 94. 72. 60. 77.]
 [46. 42. 29. 80. 56. 40. 76. 57. 21. 83. 62.]
 [74. 34. 44. 71. 20. 95. 54. 58.  3. 39. 57.]
 [ 9. 64. 91. 22. 35. 16.  5. 48.  3.  1. 33.]]
 
[[39. 84. 16. 83. 92. 12. 95. 95. 39. 73. 41.]
 [27. 71. 70. 15. 45. 92. 84. 43. 41. 12. 56.]
 [58. 26. 83. 22.  4. 25. 70. 51. 15. 62. 49.]
 [ 7. 55.  8. 58. 92. 78. 97. 92. 76. 78. 32.]
 [65. 70. 49. 32. 40. 47. 77. 14. 74. 17. 58.]
 [38. 43. 61. 82. 16. 86. 92. 27. 61. 37. 87.]
 [25. 83. 86. 99.  1. 62. 57. 24. 63. 50. 94.]
 [ 4. 64. 11. 88. 62. 27. 45. 69. 27. 74.  2.]
 [38. 27. 43. 87. 89.  3. 89. 18. 94. 71. 76.]
 [ 9. 83. 17. 52. 32. 90. 77. 44. 62. 67. 14.]]
 
[[33. 73. 74. 75. 49.  1. 85. 79. 31. 83. 36.  5. 77. 36. 29.]
 [76. 76. 64. 80. 88.  7.  5. 77. 13.  9. 32. 55. 10. 39. 50.]
 [93. 40. 88. 55.  9. 16. 28. 15. 31. 91. 46. 73. 22. 57. 27.]
 [51. 27. 21. 56. 43. 59. 29. 55. 95. 62. 35. 73. 41. 14. 64.]
 [95. 67. 83. 60. 66. 71. 94. 57. 29. 18. 90. 92. 76. 54. 23.]
 [44. 36. 42. 25. 52. 33. 48. 96. 44. 31. 60. 34. 96. 21. 41.]
 [59. 22. 92. 10. 91. 54. 23. 43. 50. 92. 61. 74. 32. 99. 15.]
 [ 6. 75. 39. 62. 61. 38. 27. 51. 85.  5. 27. 82. 44. 28. 31.]
 [72.  2. 59. 21. 87. 96. 80. 61.  3. 80. 28. 56. 67. 69. 45.]
 [ 4. 85. 86. 84. 63. 51. 83. 97. 30. 39. 21. 35. 62.  9.  6.]
 [29. 62. 82. 51. 39. 50. 21. 33. 17. 65. 19. 29. 18. 80. 45.]
 [40. 62. 88. 39. 60. 54. 38. 88. 60. 49. 68. 72. 15. 99.  2.]
 [21. 14. 27. 87. 31. 16. 98. 48. 36. 93. 89. 65. 93. 37. 94.]
 [34. 42. 21. 10. 26. 19. 11. 99. 34. 75. 67. 18. 22. 50. 40.]]
 
[[85. 29. 22. 67.  3. 44. 64. 11.]
 [30. 53.  8. 88.  9. 30. 72.  5.]
 [54. 91. 19. 87. 68. 81.  5. 79.]
 [86. 65. 68. 67. 80.  0. 79. 50.]
 [57. 84. 49. 86. 78. 12. 46. 69.]
 [66. 91. 58. 59. 92. 78. 92. 24.]
 [89. 37. 64. 10. 62. 22. 12. 46.]]
 
[[91. 63. 89. 27. 51. 18. 87. 47.  3. 73. 15.  2. 30.  3. 75. 92.]
 [58. 75. 57. 76. 30. 46. 70.  7. 28. 78. 35. 85. 17. 61. 80. 50.]
 [79. 58. 79. 95.  4. 11. 23. 49. 83. 35. 63. 98.  4. 32. 89. 44.]
 [42. 65. 33. 58. 60. 53. 33.  7. 19. 68.  0. 96.  2. 35. 51. 60.]
 [ 4. 30. 74. 60. 35. 43. 21.  3. 40. 78. 68. 81. 19. 65. 99. 94.]
 [34. 34. 11. 50. 60. 31. 84. 67.  0. 31. 63. 34. 97.  7. 17. 68.]
 [50. 46. 72. 82. 60. 11. 28.  3. 51. 66. 79. 83. 71. 47. 39. 91.]
 [15. 18. 78. 14.  2. 52.  0.  0. 18. 36. 77.  4. 43. 86. 11. 38.]
 [ 2.  3. 90. 54. 11. 95. 43. 83. 56. 19. 47. 70. 37. 82. 21. 58.]
 [39. 51. 26. 18. 45. 17. 44. 89. 28. 54. 19. 76. 33. 34. 77. 90.]
 [77. 79. 42. 21. 20. 16. 49. 41. 13. 70.  5. 72. 62. 15. 14. 16.]
 [89.  8. 15. 46.  7. 93. 76. 29. 20. 62. 54.  7. 90. 92. 90.  2.]
 [ 8. 62.  3. 95. 62. 54. 87. 79. 95. 84. 81. 98. 15. 70. 20. 70.]
 [51. 80. 43. 10. 92.  5. 80.  9.  4. 51. 82.  5. 30. 73. 43. 66.]
 [27.  3. 60. 96. 24.  6. 10. 53. 58.  6. 39. 71. 13. 37. 50. 35.]]
 
[[22. 53. 67. 21. 38. 50. 60. 27. 60.]
 [32. 50. 38. 39. 42. 12. 72.  0. 69.]
 [31. 69. 55. 61. 44.  6. 66. 11. 29.]
 [33. 73. 50.  0. 51. 47. 89. 61. 61.]
 [19. 70. 14.  1. 68. 10. 59. 61. 49.]
 [47. 11. 60. 72. 70. 40. 90. 77. 75.]
 [38. 59. 35.  4. 98. 87. 97. 54. 63.]
 [51. 23.  5. 84. 98.  4.  6. 10. 29.]]
 
[[12. 16. 96. 69. 43. 22. 32. 17. 37. 34. 16. 95. 77. 43.]
 [34.  0. 45. 69. 25. 19. 60. 33. 68. 73. 72. 87. 55. 71.]
 [11. 26. 53.  0. 80. 30. 49. 69. 58.  3. 28. 93. 86. 56.]
 [98.  8. 29. 49. 11. 30.  1. 24. 42. 30. 46.  2. 86. 52.]
 [62. 64. 12. 47. 48. 45. 17. 72. 67. 42. 78. 56. 87. 94.]
 [99. 67.  9. 77. 60. 97. 16. 30. 46. 60. 56. 12. 23. 61.]
 [20. 43. 30. 96. 72. 96. 86. 49. 64. 50. 50. 58.  1. 75.]
 [ 4. 88. 42. 61. 17. 76. 41. 42. 48.  3. 34. 35.  8. 38.]
 [31. 85. 69. 92. 28. 21. 40. 17.  3.  5. 23. 67. 90. 28.]
 [76. 37. 96. 26.  5. 76. 88. 87. 66. 89. 54. 30. 84. 68.]
 [ 4. 43. 97.  2. 88. 89. 19. 26. 55. 35. 62. 95. 32. 11.]
 [76. 84. 92. 37.  6. 56. 94. 47. 97. 79. 41. 81. 77. 98.]
 [17. 83. 16. 88. 74. 15. 82. 71.  0. 57. 13.  3. 82. 50.]]
 
[[79. 11. 67. 86.  0. 32. 74. 95. 76. 98. 39. 25. 38. 87.]
 [76. 55. 72. 28. 81. 25. 95. 15. 98. 57. 82. 45. 43. 56.]
 [ 6. 73. 63. 11. 97. 37.  3. 85. 58. 14. 86. 67. 11. 90.]
 [16. 42. 64. 58.  6. 44. 96. 19. 21. 73. 11. 20. 83. 83.]
 [65. 64. 72. 94. 77. 84. 22. 24. 39. 54. 54. 90.  1. 51.]
 [68. 30. 41. 80. 86. 55. 54. 47. 22. 92. 34. 64. 10. 37.]
 [50.  3. 62. 13. 57. 22. 40. 31. 26. 98. 67. 44. 86. 68.]
 [ 8. 94. 62.  3. 17.  9. 50. 75. 59. 92. 99. 18. 14. 90.]
 [23.  9. 94. 96. 71. 33. 83. 79.  9. 65. 77. 84. 70. 75.]
 [70. 24. 24. 76. 45. 53. 98. 93. 94. 32. 25.  3. 63. 49.]
 [36. 98. 86. 24.  8. 77. 91. 81. 23.  5. 14. 16. 98.  9.]
 [ 9. 47. 82. 50. 53. 48. 78. 57.  5.  5.  0. 44. 54. 28.]
 [36. 12. 54. 86.  8. 67.  3. 60. 11. 91. 65. 62. 74. 91.]]
 
[[89. 78. 90. 80. 57. 16. 74. 12. 31. 19.  7.]
 [50. 19. 82. 40. 63. 15. 66. 87.  4. 87. 93.]
 [16. 88. 16. 32. 85. 22. 88. 15. 40. 62. 69.]
 [95. 77. 82. 75. 86. 67. 90.  5. 13. 61. 34.]
 [76. 36.  4. 24. 66. 79. 24. 96. 49. 71. 59.]
 [90. 95. 28. 34. 99. 82. 12. 23. 16. 52. 59.]
 [64. 29. 51. 77. 63. 58. 56. 87.  8. 65. 38.]
 [10.  8. 68. 18. 15. 49. 84. 14. 42. 77. 33.]
 [30. 11. 98. 93. 46. 18. 34. 99. 44. 96.  6.]
 [94. 72. 22. 75. 62. 12. 43. 92. 93. 78. 82.]]
 
[[ 9. 12.  4. 47. 55. 88.  0. 84.]
 [12. 58. 22. 53. 65. 15. 83. 40.]
 [98. 86. 22. 19. 47. 72. 49. 83.]
 [53. 71. 86. 98. 35. 28. 71. 56.]
 [63. 37. 60. 66.  8. 10.  8.  7.]
 [28. 51. 38. 20.  3. 86.  5. 72.]
 [35. 97. 18. 22. 94. 41.  9. 95.]]
 
[[11.  7. 84.  4. 57. 95. 77. 83. 78.  6. 70. 95. 61. 73. 33. 34.]
 [ 7. 56. 23. 18. 76. 40. 28. 61. 79. 36. 38. 45. 46. 22. 74. 59.]
 [72. 90. 52. 54. 45. 46. 33. 96. 92. 80. 60. 58. 71. 61. 59.  0.]
 [47. 55. 88. 57.  4. 46. 11. 57. 82. 87. 61.  2.  7. 82. 45.  8.]
 [80. 94. 99. 86. 39. 22. 35. 19. 19. 23. 11. 15. 29. 75. 13. 33.]
 [15. 24. 28. 48. 35. 94. 82. 61. 82. 30. 56. 70. 68. 13. 36. 72.]
 [44. 86. 14. 86. 87. 53.  6. 89. 10. 52. 37. 65. 51. 41. 89. 76.]
 [69. 50. 88. 79. 31. 18. 16. 36. 76. 39. 76.  4. 45. 70. 85. 41.]
 [62. 25. 80. 96. 34. 29. 49. 83. 36. 41. 67. 79. 47. 50. 42.  0.]
 [ 1. 12. 56. 17. 83. 49. 87. 39. 54. 78. 69. 58. 54. 38. 95. 61.]
 [54.  6. 73. 77. 27. 36. 30. 78. 40. 10. 98. 66. 29. 53. 70.  5.]
 [36. 88. 87. 77. 49. 77. 55. 26. 75. 75. 22. 92. 51. 61. 31. 74.]
 [ 1. 79. 17. 31.  6. 87. 25. 13. 73. 22. 82. 16. 12. 87. 28. 25.]
 [74. 68. 79. 35. 96. 91. 94. 89. 75. 42. 32. 12. 64.  3. 62. 56.]
 [11. 34. 98. 72. 71. 84. 89. 16. 90. 80. 56. 81. 99. 66. 87. 26.]]
 
[[55. 46. 71. 37. 27. 91. 68. 97. 38. 74. 43. 36.]
 [99. 87.  7. 40. 80. 12. 69. 52. 97. 54. 88. 53.]
 [74.  9. 43. 18. 49. 13. 54. 52.  6. 41. 62.  8.]
 [42. 62. 89. 32. 22.  3. 94. 93. 88.  9.  4.  6.]
 [64. 37. 97. 64. 82. 43. 19. 74. 45. 70. 21. 50.]
 [97. 28. 48.  6. 56. 87.  5. 56. 54. 23. 58. 13.]
 [55. 23. 42. 29. 91. 91. 90. 12. 22. 66. 54. 35.]
 [92.  3. 69. 35. 86. 79. 32. 73.  6. 50.  0. 54.]
 [41. 28. 88. 27. 17. 83. 74.  3. 55. 47. 99. 40.]
 [73.  9. 91. 52. 67. 30. 58. 38. 36. 26. 49. 93.]
 [92. 59.  9. 93. 86. 20. 41. 39. 68. 66. 82. 96.]]
 
[[25. 47. 28. 85. 48. 54. 34. 21. 95. 29.]
 [62. 45. 64. 12. 26. 86.  0. 50. 42.  9.]
 [28. 95. 96. 15. 15. 20. 60.  9.  0. 53.]
 [87. 25. 48. 74. 65.  3. 98. 94. 67. 35.]
 [60. 25. 50. 68. 45. 14. 60. 50. 46.  5.]
 [43. 38. 19. 23. 16. 78. 73. 25. 46. 37.]
 [58. 50.  3. 40. 59. 16.  0.  1.  9. 78.]
 [99. 90. 65. 24. 76. 55. 48.  8. 31. 93.]
 [12. 47. 68. 49. 42. 91. 55. 21. 60. 65.]]
 
[[61. 26. 30. 29. 25. 91. 66. 46.]
 [ 3. 16. 91. 62. 73.  4. 70. 58.]
 [44. 38. 34. 40. 88. 51. 49. 67.]
 [78. 46. 24. 33. 38. 42. 20. 77.]
 [75. 38. 13. 11. 88.  4. 53. 59.]
 [78. 53. 19. 60. 66. 34. 53. 39.]
 [35. 93. 78. 86. 52. 66.  0. 25.]]
 
[[ 8. 70. 26. 21. 19. 22. 18.]
 [ 2. 33. 26. 39. 55. 56. 97.]
 [45. 29. 81. 44. 71. 88. 20.]
 [ 9. 98. 56. 28. 82.  8. 56.]
 [75. 24. 84. 36. 28. 37. 13.]
 [ 3. 79.  7. 76. 35. 48. 70.]]
 
[[63. 95. 16. 67. 87. 15. 49. 64. 62.  7. 26. 49. 93.]
 [12. 31. 20. 64. 48. 49. 22. 81. 43. 95. 64. 20. 34.]
 [78. 64. 92. 83. 23. 49. 40. 52. 75. 26. 22. 50. 18.]
 [12. 36. 89. 32. 36.  1. 68. 41. 39. 46. 73. 15. 61.]
 [ 1. 30. 11. 53. 72. 31.  6. 88. 83. 31. 98. 53. 33.]
 [76. 78. 87.  4. 67. 85. 81. 15. 86. 89. 98. 39. 75.]
 [78. 41. 13. 37.  5. 30.  6. 42. 57. 89. 69. 28. 75.]
 [28.  6. 13. 27. 59. 93. 29. 55.  5.  4. 66.  3. 88.]
 [12. 81. 85. 96. 39. 45. 19. 35. 36. 83. 17. 29. 24.]
 [20. 22. 62. 16. 75. 18. 59. 83. 63.  0. 19.  3.  8.]
 [63. 27.  7. 60. 23. 62. 40. 63. 48. 63. 88. 27. 60.]
 [30. 97. 43. 29. 64. 98. 61.  8. 92. 44. 79. 52. 73.]]
 
[[28. 43. 53.  4. 18. 31. 79. 23. 83. 56.]
 [15. 34. 56. 26. 74. 69. 44. 57. 26. 57.]
 [ 2. 39. 71. 49. 39.  9. 94. 76.  9. 13.]
 [11. 67. 30. 73. 13. 23.  7. 91. 96.  9.]
 [79. 17.  6. 14. 68. 46. 78. 92. 22. 86.]
 [28.  3. 98.  5. 87. 55.  9. 76. 42. 58.]
 [33. 81.  0. 42.  1. 99. 48. 46. 61. 22.]
 [37. 69.  8. 40. 61. 65. 11. 55. 93.  1.]
 [ 2. 88. 54. 49. 24. 71. 14. 91. 62. 35.]]
 
[[81. 65. 29. 89. 21. 38.  2.]
 [66. 40. 93. 95. 55. 30.  3.]
 [78. 82. 43. 27. 78. 99. 74.]
 [75. 88. 99. 77. 48. 77. 83.]
 [14. 67. 27.  4. 56. 53. 92.]
 [74. 49.  8. 57. 91. 12. 34.]]
 
[[15. 15. 17. 48. 62. 86. 64.]
 [58. 29. 32. 95. 10. 73. 79.]
 [19. 28. 10. 33. 21. 67. 29.]
 [74. 54. 81. 17. 31. 14. 78.]
 [37. 81. 21. 39. 69.  8. 93.]
 [41. 80. 63. 21. 62. 57. 21.]]
 
[[44. 86.  9. 11. 81. 97. 74.]
 [ 2.  6. 89. 89. 35. 45. 62.]
 [59. 70. 81. 39.  9. 74. 67.]
 [65. 38.  8. 42. 53. 52.  7.]
 [52. 24. 34. 87. 42. 11. 68.]
 [89. 80.  3. 20. 66. 42. 49.]]
 
[[83. 67. 93. 68.  6. 63.  4.]
 [63. 55. 99.  7. 48. 65. 74.]
 [39. 75.  7. 33. 34. 80. 47.]
 [74. 39. 66.  1. 44. 17. 16.]
 [46. 33.  2. 83. 91. 17. 80.]
 [91. 69. 81. 42.  2. 30. 51.]]
 
[[23. 38. 40. 50.  5. 41. 41. 46.  3. 81. 28. 16. 18. 46.  9.]
 [97. 87. 46. 52. 66.  5. 14.  6. 66. 20. 29. 13. 29. 75. 31.]
 [20. 52. 31. 20. 93. 31. 70. 99. 53. 81. 89. 69. 98. 68.  1.]
 [65. 12. 25. 42. 78.  1. 43. 61.  4. 71. 55. 51. 39. 77. 34.]
 [92.  7. 16. 66.  0.  3. 35. 63. 89.  3. 99. 91. 67.  4. 30.]
 [ 9. 99. 77. 96. 58. 85. 59. 32. 23. 17. 45.  0.  6. 59.  7.]
 [74. 95. 16.  8. 91.  2. 32. 67. 29. 13.  1. 98. 36. 96. 96.]
 [53. 42. 51. 78. 80. 92. 80. 45. 70. 19. 73. 49.  4. 62. 45.]
 [56. 23. 43.  3. 30.  8. 32. 87. 33. 57. 76.  1. 57.  0.  5.]
 [71. 56. 91. 40. 60. 81. 17. 36. 68. 22. 11. 58. 42. 62. 89.]
 [20.  2. 38. 31. 96. 13. 93. 78. 27. 38. 51. 81.  9. 29. 45.]
 [85. 47. 57.  0. 97. 24.  0. 98. 64.  9. 38. 66. 66. 87. 37.]
 [27. 11. 49.  8. 26. 70. 27. 95. 67. 63. 81. 36. 71. 38. 10.]
 [19. 18. 56. 17. 66. 65.  0.  9. 97. 94. 34.  9. 47. 40. 85.]]
 
[[21. 21. 95. 90. 76.  9. 58. 16. 78. 24. 95. 85. 70. 31. 82.]
 [16. 30. 71. 33. 50. 51. 20. 52. 44. 45. 24. 39. 68. 99. 72.]
 [14. 37. 55. 76.  7. 37. 82. 76. 54. 21. 28. 57. 50.  4. 94.]
 [95. 91. 21.  3. 59. 27. 10.  8. 96. 10. 93.  6. 81. 43. 17.]
 [79. 55. 24. 42. 57. 64. 33. 40. 14. 50. 54. 37. 76. 47.  1.]
 [14. 34. 19.  7. 51. 61. 88. 34. 47. 32. 95. 10. 75. 80. 76.]
 [55. 18. 36. 40. 69. 89. 22. 57. 74. 11. 58. 50. 69. 21. 70.]
 [75. 54. 57. 95. 72. 34. 51. 68. 98.  4. 42. 94. 46. 82. 86.]
 [21. 12. 48. 83. 55. 13. 23. 43.  1. 87. 44. 39. 47. 25. 62.]
 [12. 22. 73. 51. 24. 48. 36. 62. 28. 60.  4. 79. 38. 58. 65.]
 [80. 74. 99. 88. 12. 41. 37. 68. 13. 21. 94. 50. 59. 55. 78.]
 [43. 43. 32. 22. 62. 37. 54. 11. 33. 17. 67. 64. 43. 92. 76.]
 [41. 17.  6. 11. 88. 76. 23. 17. 17. 44. 38. 48. 36. 89. 89.]
 [38.  9.  4.  5. 50. 87. 48. 52.  7. 25.  4.  4. 96. 76. 36.]]
 
[[50. 64.  5. 83. 57. 91.]
 [ 6. 26. 58. 50. 33. 18.]
 [63. 14. 79. 65. 54. 67.]
 [20. 98. 49. 25. 67. 52.]
 [34. 63. 31. 19. 41. 72.]]
 
[[90. 93. 37. 19. 29. 42. 92. 84. 10. 94. 57. 44. 60. 38. 18. 35.]
 [55.  9. 59. 36. 29. 79. 43. 41. 13. 40. 74. 94. 35. 56.  2. 85.]
 [96. 63. 30. 80.  0. 46. 73. 40. 37. 60. 46. 36. 61. 34. 48.  2.]
 [22. 98. 63.  0. 30. 33.  8. 45. 70. 33. 16. 72. 65. 60. 19. 95.]
 [59. 69. 28. 89.  3. 58. 45.  6. 27.  8.  9. 29. 50.  5. 50. 11.]
 [86. 74. 63. 87.  5. 91. 12. 30. 84. 46. 34. 55. 92. 14. 91. 92.]
 [10. 33. 25. 63. 11. 33. 41. 22. 58. 99. 12. 83. 59. 55. 94. 79.]
 [23. 31. 15. 86. 77. 48. 38. 72. 96.  7. 56. 62. 39.  0. 39. 93.]
 [10. 11.  4. 71. 66. 31. 53. 62. 51. 44. 86. 87. 41. 45. 80. 48.]
 [72. 61. 14.  5. 29. 12. 84. 73. 65. 83. 51. 14. 99. 13. 82.  5.]
 [74. 79. 88. 46. 35. 74. 73. 14. 85.  0. 54.  6. 57. 58. 37. 15.]
 [25. 60. 17. 69. 33. 33. 53. 16. 67. 50. 27. 30. 64. 55. 85. 38.]
 [71. 11. 91. 23. 14. 91. 37.  7. 17.  5. 74. 89. 55. 92. 97. 22.]
 [29. 61. 16. 92. 72. 91. 14. 75. 74. 87. 83. 99. 59. 78. 79. 78.]
 [72. 66. 79.  0. 66. 94. 28.  5. 71. 61. 81. 43. 42. 86. 13. 92.]]
 
[[ 7.  0. 46. 40. 58. 86. 62. 72.]
 [86. 62.  4. 66. 12. 16. 12. 32.]
 [91. 60. 17. 86. 70. 24. 25. 81.]
 [62.  4.  8. 20. 38. 11. 72. 80.]
 [96. 26. 14. 35.  9. 10. 91. 74.]
 [49. 67. 40. 59. 27. 52. 52. 81.]
 [77. 54. 15. 89.  0. 22. 18. 14.]]
 
[[99. 11. 47. 43. 82. 16. 53. 19. 85. 98. 28.]
 [58. 83. 84. 55. 69.  6. 42. 25. 29. 46. 68.]
 [53. 18. 87. 23.  2. 70. 87. 84. 15. 53.  2.]
 [30. 56. 96. 94. 41. 26.  9. 48. 12. 54. 27.]
 [15. 23. 86. 83. 37. 91. 65. 49. 83. 94. 75.]
 [71. 33. 66. 76.  9.  3. 61. 67. 13. 79. 76.]
 [15. 25. 73.  1. 36. 89. 52. 78. 38. 57. 93.]
 [81. 14. 41. 33. 96. 89. 98. 24. 56. 84. 14.]
 [37. 89. 35. 94. 66. 72. 12. 66.  3. 22. 58.]
 [35. 27. 94. 45.  3. 68. 42. 85. 11. 40. 69.]]
 
[[ 5. 58.  6. 29. 16. 62.  4. 32. 28. 79.]
 [37. 94. 59.  2. 39.  6. 76. 28. 88. 77.]
 [96.  9. 91. 97. 30. 59. 24.  7. 62. 73.]
 [24. 34. 39. 35. 57. 23. 56. 87.  3. 77.]
 [50. 20. 74. 20.  2. 36. 71. 79. 26. 17.]
 [57. 22. 84. 28. 46. 42. 70. 76. 37. 30.]
 [20. 34. 26. 45. 39. 98. 24. 94. 23.  0.]
 [91. 11. 39. 80. 95. 14. 71. 48.  1. 80.]
 [98. 69. 14. 32. 96. 71. 73. 87. 34. 65.]]
 
[[94. 56. 83. 20.  3. 41. 58. 13. 16. 74.]
 [74. 81. 22. 99. 37. 11. 51. 93. 30. 83.]
 [88. 61. 73. 56. 59. 32. 60. 33. 81. 94.]
 [ 9. 93. 54. 72. 30.  9.  9. 72.  6. 71.]
 [ 4. 45.  3. 43. 15. 42. 43. 55. 51.  6.]
 [12. 78. 14. 28. 55. 54. 50. 99. 14. 65.]
 [18. 58. 48. 48. 28. 61. 12. 51. 95. 16.]
 [97. 64. 62.  5. 16. 26. 60. 53.  6. 69.]
 [42. 47. 27. 64. 34. 21. 28. 31. 48.  4.]]
 
[[36. 15. 65. 29. 61.  2. 87. 25. 29. 76. 64.]
 [68. 17. 92. 76. 22. 60. 56. 23. 87. 27. 90.]
 [96. 60. 13. 94. 51.  8. 30. 26.  0. 11. 87.]
 [90. 45. 57.  8. 40. 16. 84. 74. 87. 13. 84.]
 [ 1.  9. 63. 71. 89. 91.  4. 76. 34. 21. 47.]
 [44. 25. 79. 76. 73. 88. 23. 50. 97. 27. 54.]
 [97. 38. 80. 45. 37. 18. 13. 17. 45. 24. 51.]
 [60.  0. 59. 41. 68. 54. 70.  9. 69. 73. 25.]
 [37. 34. 89. 66. 29. 39. 29. 23.  8. 99. 38.]
 [37. 62. 94. 18. 27. 83. 83. 92. 29. 91. 80.]]
 
[[26. 31. 77. 74. 22. 51. 71. 40. 95. 57. 92. 15. 59.]
 [41.  4. 63. 94. 22. 35. 72. 84. 85. 38. 77. 29. 32.]
 [28.  8. 15. 23. 49. 84. 72. 52. 46. 86. 69. 34. 39.]
 [42. 91. 90. 33. 54. 21. 44. 96. 80. 21. 38. 77.  2.]
 [ 0. 11. 95. 82. 48. 86. 43. 43.  2. 91. 69. 34. 28.]
 [14. 73. 50. 45.  7. 49. 47. 81. 14. 68. 12. 57. 77.]
 [50. 12. 31.  4. 79.  0. 45. 73. 50. 71. 84. 30. 95.]
 [15. 30. 57. 33. 62. 29. 74. 34. 16. 55. 63. 17. 18.]
 [ 8. 56. 84. 68.  4. 52. 54. 55. 12. 15. 90. 16. 81.]
 [14. 77. 93. 79. 64. 49. 80. 38. 56. 72. 13. 79.  3.]
 [23. 41. 95.  6. 68. 42. 37. 29. 65. 87. 72. 45. 93.]
 [14.  5. 25. 58. 15. 91. 10. 22. 36. 95. 69. 47. 73.]]
 
[[89. 34.  5. 69. 27. 90. 87. 52.]
 [20. 79. 44. 13. 42. 37. 59. 79.]
 [22. 89. 64. 71. 18. 89. 33. 61.]
 [17. 97. 66. 65. 85. 23. 61. 32.]
 [47. 55. 37. 28. 26. 64. 97. 71.]
 [77. 67. 60. 16. 14. 20. 59.  5.]
 [35. 23. 83. 55. 37. 88. 92. 45.]]
 
[[41. 19.  7.  7. 87. 43. 74. 42. 50. 95. 92. 20.  2.]
 [25. 62.  9. 45. 21. 52.  6. 92. 82. 46. 63. 33. 98.]
 [ 8. 95. 34. 53. 33. 46. 82. 37. 88. 51.  1. 82.  6.]
 [91. 14. 24. 19. 14. 88. 35. 73. 15. 49. 51. 30. 14.]
 [39. 42. 63. 21. 74. 68. 19. 77. 91. 78. 99. 70. 47.]
 [77. 82. 31. 20. 70. 51. 35. 47. 97. 16. 58. 63. 63.]
 [31. 22. 27. 27. 87. 79. 89. 84. 28. 36. 44. 57. 67.]
 [65. 94. 68.  8. 31. 84. 19. 76.  4. 83. 95. 64.  3.]
 [58. 64. 23.  6.  3. 89. 89. 22. 66. 62. 11. 40. 77.]
 [43. 30. 50. 94. 21. 87. 97. 12.  8. 28. 73.  9. 64.]
 [76. 52. 55. 48. 18. 20. 80.  1.  5. 14. 98.  8. 36.]
 [90. 16.  2.  1. 49. 78. 34.  1. 94. 84. 18. 42. 65.]]
 
[[88. 10. 45. 56. 20. 36. 70. 25. 25. 38. 38. 86. 29. 32. 26.]
 [35. 90. 41. 21. 78. 36. 20.  6. 44. 48.  6. 37. 21. 38. 67.]
 [71. 94. 46. 44. 44. 60.  6. 72. 18. 59. 85. 89. 88.  1.  5.]
 [40. 54. 44.  8. 59. 90. 91. 82.  5. 72. 81. 85. 67. 37. 37.]
 [74. 94. 95. 18.  0. 23. 30. 16. 54. 66.  1. 89. 97. 13.  3.]
 [47. 56. 46. 17. 77.  9. 60. 85. 48. 10. 52. 90. 27. 97. 29.]
 [72. 71. 96. 70. 38. 50. 73. 63. 10. 22. 41. 85. 47. 84.  9.]
 [44.  1. 49. 54. 79. 29. 79. 93.  3. 96. 89.  9. 43. 34. 71.]
 [32. 16. 13. 80. 54.  2.  7. 54. 53. 86. 16. 55. 58. 51. 10.]
 [58. 49.  5. 96. 14. 27. 17. 64. 82. 30.  0. 87. 49. 94. 82.]
 [69. 97. 71. 75. 52. 53. 11. 89. 35. 10. 87.  6. 48. 56. 61.]
 [ 9. 65. 33. 49. 96. 10. 32. 77. 15. 65. 34. 40. 89. 14. 55.]
 [93. 26. 68. 42. 65. 83. 77. 33. 66. 64. 50. 78. 98. 42. 33.]
 [57. 79. 50. 97. 63. 22.  3. 39. 20. 26. 20. 36. 63. 10. 55.]]
 
[[27.  7. 42. 47. 65. 80. 95. 29. 10. 87. 72. 76.]
 [96. 97. 80. 13. 28. 24. 92. 63. 54. 73. 17. 11.]
 [39. 34. 75. 79.  1. 50. 20. 28. 59. 69. 92. 55.]
 [65. 20. 19. 52. 53. 67. 90. 60. 91. 78. 99. 36.]
 [15. 84. 84. 86. 67. 70.  4. 63. 83. 54. 80. 65.]
 [18. 21.  5.  0. 98. 24. 20. 63. 26. 91. 22.  5.]
 [14. 47.  2. 27. 71. 98. 93. 64.  5. 63. 50. 77.]
 [ 2. 80. 82. 76. 67. 60. 82. 66. 98. 36. 69. 56.]
 [46. 28. 62. 97. 75. 63. 10. 53. 81. 86. 75. 82.]
 [78. 75. 15. 32. 34. 11. 44. 50. 79. 25. 66. 70.]
 [42. 56. 40.  5. 49. 48. 78. 96. 64. 22. 96. 81.]]
 
[[88.  4. 28. 20.  2.  7. 43.  3. 82. 76. 60. 10.]
 [ 2. 52. 28. 35. 90. 20. 58. 65. 19.  3. 13. 63.]
 [97. 58. 72. 40. 78.  2. 86. 44. 50. 59. 17. 67.]
 [72. 10. 52. 18. 98.  5. 29. 83. 36. 56. 75.  3.]
 [21. 62. 83.  1. 20. 33. 96.  6. 75. 28. 43. 80.]
 [21. 28.  7.  6. 57. 51. 31.  5. 51. 58. 22. 92.]
 [68. 12. 61. 10. 82.  2. 75. 14. 60. 62. 22. 39.]
 [12. 21. 90. 27. 34. 10. 70. 81. 48. 95. 25. 72.]
 [68. 26. 18. 23. 73. 16. 11. 31. 82. 29. 23. 27.]
 [36. 80. 99. 63. 60. 14. 28. 41. 49.  1. 43. 65.]
 [98. 62. 57. 65. 22.  3. 93. 12. 58. 71. 60. 10.]]
 
[[32. 86. 17. 56. 34. 73. 74. 31. 63. 78. 82. 19. 81. 60. 29. 45.]
 [85. 51. 56.  5.  0. 55.  1. 64. 39. 18. 54. 14. 57. 29. 12. 78.]
 [86. 70. 38. 18. 49. 11. 46. 29. 96. 45. 22. 83. 47. 94. 49. 67.]
 [74.  2. 87. 81. 40. 97. 82. 18. 77. 25. 52. 99. 54. 73. 33. 99.]
 [74. 33. 32. 46. 84. 41. 63. 55. 49. 82. 94. 91. 61. 74. 32. 34.]
 [22. 56. 46. 47. 15. 15. 25. 46. 67. 12. 75. 81.  5.  4.  5. 63.]
 [49. 22. 56. 42. 84. 64. 19. 65. 57. 66. 76. 20. 32. 39. 80. 60.]
 [ 4. 66. 80. 99. 12. 18. 82. 52. 50. 63. 49. 75. 80. 97. 17. 88.]
 [34. 98. 22.  3. 87. 57.  7.  0. 86. 29. 53. 38.  5. 52. 21. 73.]
 [ 8.  0. 25. 80. 28. 54. 65. 86. 78. 34. 23.  2. 14. 23. 17. 80.]
 [91. 75. 83. 22. 65. 69. 14. 55. 30. 94. 56. 53. 35. 41. 32. 91.]
 [ 9. 35. 47. 47.  6. 63. 28. 91. 81. 63. 37.  0. 99. 96. 85. 62.]
 [ 3. 24. 77. 28. 49. 22. 84. 17. 86. 36. 54.  1. 74. 17. 96. 38.]
 [57. 97. 28. 47. 58. 61. 38. 60.  4. 54. 32. 31. 49. 40. 27. 63.]
 [60.  2. 95. 65. 81.  7.  9. 69. 99. 87. 16. 57. 13. 58. 18. 48.]]
 
[[30. 49. 47. 85. 37. 38. 31. 45.]
 [23. 64. 50. 27. 13.  8. 54. 32.]
 [ 4. 96. 93. 88. 73. 13. 17. 68.]
 [97. 18. 49. 15. 21. 77. 82. 88.]
 [44.  8. 38. 79. 40. 42. 74. 82.]
 [62. 13. 96. 69. 15. 31. 10. 51.]
 [66.  9. 21. 61. 79. 47. 57. 53.]]
 
[[ 0. 23.  1. 20. 61. 30. 81.  3.]
 [44.  1. 14.  7. 29. 26. 44. 62.]
 [26. 28. 81.  3. 25.  3. 67. 41.]
 [88. 10. 69. 87. 25. 56. 17. 82.]
 [80. 83.  3. 85. 11. 68. 44. 62.]
 [36. 44. 43. 76. 13. 49. 76. 54.]
 [68. 35. 71. 94. 99. 25.  2. 82.]]
 
[[ 0. 41. 64. 73. 35.  6.]
 [34. 90. 54. 84.  9. 79.]
 [21. 25. 62.  4. 16. 18.]
 [97. 71. 10. 14. 81. 13.]
 [17. 41. 57. 60. 63. 13.]]
 
[[68. 57. 48.  2. 99.  9. 56.]
 [14. 27. 83. 85. 98. 37.  1.]
 [26. 96. 68. 43. 55. 76. 21.]
 [60.  6. 98.  5. 63.  3.  5.]
 [44. 30. 55.  5.  4. 75. 83.]
 [51.  5. 49. 52. 75. 84. 37.]]
 
[[48. 96.  6. 60. 95. 34. 70. 97. 11. 41.]
 [54.  4.  7. 67. 23. 32. 15. 25. 63. 71.]
 [75. 64. 65.  1. 82. 75. 15. 71. 85. 86.]
 [14.  6. 97. 22. 94. 46. 21. 35. 95.  5.]
 [22. 87. 23. 42. 25. 86. 53. 23. 62.  5.]
 [25. 74. 57. 17. 35. 71. 44. 16. 74.  0.]
 [69. 46. 80. 91. 72. 23. 65. 61. 91. 17.]
 [99. 66. 33. 94. 72.  7. 27. 75. 31.  9.]
 [77. 58. 49. 78. 79. 26. 78. 47. 56. 79.]]
 
[[81. 80. 23. 54. 76. 41. 96. 31.  6.]
 [65. 78. 87. 60. 46. 87. 71. 75.  3.]
 [41. 54. 74. 79. 41. 24. 30. 80. 85.]
 [18. 44. 11. 68. 76. 21. 31. 91. 13.]
 [11. 99. 75. 23.  2. 36. 85.  4. 93.]
 [ 6. 34. 31. 55. 47. 90. 88. 49. 47.]
 [76. 48. 72. 10. 78. 99. 10. 30. 41.]
 [77. 66. 41. 29. 45. 54. 88. 56. 66.]]
 
[[37. 18. 64.  2. 22. 31. 63. 35.  2. 95. 79. 64. 99.  0. 13. 40.]
 [15.  8. 84.  2.  7. 34. 43. 70. 55. 32. 80. 22. 81. 99. 51. 13.]
 [ 0. 67. 39. 19. 77. 75. 41. 46. 69. 58. 32. 85.  0. 13. 33. 63.]
 [94.  4. 40. 27. 76. 20. 39. 58.  2. 96. 10.  1. 74. 63. 59. 86.]
 [92. 28. 91. 67. 37. 69. 85. 91. 23. 96. 79. 63. 34. 99. 29.  6.]
 [44. 12. 24. 59. 58. 88. 75. 36. 62. 18. 11. 14.  4.  7. 16. 33.]
 [47. 95. 90. 68. 24. 89. 24. 43.  0. 26. 91. 63. 80.  1.  7. 18.]
 [60.  1. 98. 17. 46. 26. 16. 97. 19. 20. 71. 22. 45. 94. 16. 44.]
 [89. 80. 48. 78. 50. 57. 55. 62. 42.  3. 16. 10. 12. 98. 92. 12.]
 [76. 64. 46. 42. 60. 47. 32. 96. 26. 65.  1. 21. 87. 70. 12. 16.]
 [87. 97. 71. 59. 16. 86. 41. 99. 89.  3. 74. 94. 50.  4. 86.  3.]
 [49. 48. 55. 59. 27. 51. 98. 53. 75. 81. 20.  8. 38.  5. 99. 27.]
 [39. 57. 90. 89. 62. 79. 49. 51.  7. 68. 10. 33. 95. 20. 47. 97.]
 [67. 49. 66. 97. 54. 67.  9. 49. 41. 55. 44. 16. 56. 57. 74. 77.]
 [58. 51. 76. 29.  2. 42. 73.  9. 86. 76. 89. 53.  2. 87. 97. 84.]]
 
[[33. 95. 28. 83. 87. 39. 78. 91. 19. 57. 61. 19. 19. 89.  4. 49.]
 [96. 94. 98. 16. 34. 21.  8. 20. 32. 33. 38. 44. 38. 29.  2.  8.]
 [90. 67. 67. 82. 60. 94. 75. 18. 91. 91. 36. 21. 90. 32. 52. 75.]
 [87. 92. 77.  3. 28. 59. 24. 10. 15. 64. 87. 82.  3. 30.  5. 67.]
 [42. 98. 96. 62.  5. 39. 97.  8. 40. 39. 76. 55. 77. 28. 85. 80.]
 [81. 18. 82. 89. 65. 91. 46. 73. 29. 97. 81. 13. 89. 69. 33. 90.]
 [32. 66. 33. 81. 80. 19. 77. 40. 99. 91. 43. 66. 54.  8. 29. 93.]
 [28. 13. 82. 68. 36. 24. 83.  5. 80. 29. 80. 32. 94. 28. 98. 70.]
 [86. 87. 22. 51. 68. 22.  6. 36.  8. 56. 58.  2. 67. 73. 59.  6.]
 [80. 49. 22. 82. 12. 94. 63. 58. 26. 93.  8.  7. 33. 66. 25. 26.]
 [79.  9. 24. 97. 56. 59. 36. 51. 88. 93. 11. 32. 84. 79.  8.  5.]
 [11. 18. 34. 92. 99. 20. 94. 84. 84. 62. 32. 68. 87. 36. 58. 19.]
 [14. 85. 83. 23.  0. 43. 18. 52. 73. 87. 88. 26. 92. 84. 66. 83.]
 [77. 69.  4. 57. 34. 16. 46. 49. 80. 10. 67. 69. 26. 50. 49. 61.]
 [62. 80. 58. 45.  4. 42. 63. 35. 80. 10. 50. 76. 52. 32. 97. 96.]]
 
[[42.  9. 49. 36.  8. 86. 96. 18. 86. 81. 28.]
 [32. 78.  4. 29. 64. 25. 11. 17. 20. 38.  8.]
 [18.  3. 67. 54. 62. 61. 47. 88. 45. 71. 11.]
 [ 0.  1. 82. 67. 59. 93. 53. 15. 50. 32.  2.]
 [64. 38. 86. 40. 36. 92. 77. 30. 40. 18. 16.]
 [34. 31.  5. 98. 57. 54. 72.  8. 18. 95.  9.]
 [48. 90. 85. 89. 93. 56. 50. 64. 15. 86.  4.]
 [36.  3. 60.  6.  0. 97. 65. 12. 89. 29. 86.]
 [64. 70. 30. 52. 46. 16.  9. 63.  8. 59. 72.]
 [58. 69.  3.  7. 67. 15. 71. 15. 22. 51. 14.]]
 
[[ 9. 97. 22. 28. 22. 65. 17. 91. 12.]
 [66. 64. 61. 33. 84. 78. 66. 69. 72.]
 [15. 33. 63. 23. 88. 84. 57. 68. 85.]
 [66. 89. 53. 23. 92. 11.  3. 61. 34.]
 [31. 66. 23.  5. 32. 16. 34. 42. 43.]
 [72. 37. 42. 72. 27. 90. 12.  8. 65.]
 [55. 30. 74. 37. 34. 80. 32. 43. 34.]
 [19. 79. 36. 49. 86. 96. 39.  0. 43.]]
 
[[51. 68. 26. 47. 77. 88.]
 [46. 40. 16. 99. 64.  8.]
 [69. 98. 47.  4. 36. 68.]
 [38. 44. 40. 51.  9. 25.]
 [97.  4. 66. 86. 79. 22.]]
 
[[21. 59. 61. 87. 56. 50. 75. 40. 80. 83. 14. 61. 92. 74.]
 [11. 30. 41. 82.  6. 29. 83. 99. 69. 42. 14. 40.  9. 74.]
 [56. 17. 20. 10. 43. 41. 36. 65. 27.  9. 37.  2.  9. 43.]
 [62. 58. 32. 64. 40. 90.  5. 14. 64. 43.  5.  1. 94. 56.]
 [14. 32. 44. 92. 94. 38. 64. 57. 57. 12. 34. 82. 88. 68.]
 [73. 29. 37. 99. 56. 52. 14. 29. 84. 22. 96. 70.  1. 32.]
 [64. 64. 97. 89. 72.  9. 29.  5. 96. 23. 97. 86. 54. 36.]
 [59. 91. 71. 46. 89. 63. 76. 74. 80. 47. 42. 67. 37. 52.]
 [83. 13. 47. 99. 63. 10. 29. 57. 21. 47. 36. 29. 54. 46.]
 [94. 48. 54.  1. 89. 43. 89. 69.  1. 37. 28. 42. 64.  4.]
 [17. 16. 98. 28. 31. 75. 14. 98. 71. 84. 82.  3. 22. 96.]
 [64. 72. 59. 84. 36. 40. 47. 16. 43. 63. 27.  2. 82. 76.]
 [ 6.  6. 49. 71. 89.  2. 46. 63. 41. 28. 80. 19. 84. 50.]]
 
[[58. 35. 79. 42. 24. 79. 79. 29. 59. 25. 79.]
 [14. 32. 45. 45. 19. 30. 94. 14. 37. 61. 71.]
 [31. 66. 20. 23. 22. 44. 63. 86. 25. 76. 51.]
 [63. 76. 79.  4.  8. 74. 67. 16.  5. 56. 94.]
 [32. 52. 98. 88. 95. 28. 84. 35. 20. 69. 78.]
 [50. 14. 58. 77. 77. 53. 75. 15.  0. 80. 45.]
 [ 5. 99. 24. 10. 65.  1. 27. 60. 74. 98. 72.]
 [59. 38.  0. 92. 74. 60. 37. 49. 40. 71. 79.]
 [ 5. 36. 99.  7. 54. 61. 86. 39. 80.  6. 70.]
 [58. 17.  1. 43. 94. 61. 74. 97.  9. 62. 67.]]
 
[[71. 14. 84. 91.  4.  7. 66. 99. 63. 13. 49. 40.]
 [83. 90. 48. 33. 73. 75. 48. 14. 25. 13. 24. 59.]
 [36. 91. 13. 28. 10. 98. 43. 97. 43. 54. 91. 41.]
 [28. 46. 98. 88. 61.  3.  0. 95. 70.  3. 24. 35.]
 [12. 27. 28. 68. 47. 94.  5. 27. 89. 87. 37. 22.]
 [25. 14.  8. 90. 36. 58. 93. 41. 98. 98. 36. 19.]
 [55.  1. 29. 48. 70. 89. 35. 92. 45. 44. 81.  9.]
 [61. 55. 78. 24. 47. 58. 95. 66. 47. 70. 59. 63.]
 [ 8. 58. 38. 46. 46. 86. 49.  6. 17. 78. 52. 96.]
 [58. 96. 70. 83. 48. 31. 77.  5.  9. 20. 42. 91.]
 [ 4. 42. 26. 76. 83.  8. 49. 56. 18.  8.  7.  0.]]
 
[[35. 64. 49. 46. 94. 13. 43. 53. 18. 58.  4. 64. 97. 56. 12.]
 [18.  6.  2. 15. 25. 58. 27. 78. 21.  7. 82. 22. 81. 75. 25.]
 [20. 61. 40. 17. 61. 85. 35. 17. 67. 35. 21. 29. 61. 95. 50.]
 [17. 89. 96.  1. 18. 15. 82. 21. 97. 21.  8. 17. 54. 64.  2.]
 [57. 54. 13. 87. 63. 67. 51. 25. 94.  6. 58. 34. 60. 69. 86.]
 [68. 65. 55.  1. 33. 15. 61. 13. 54. 21. 97. 55. 44. 65. 16.]
 [57. 14. 93. 69. 34. 40. 46. 70. 65. 70.  6. 52. 64. 47. 71.]
 [97. 95. 57. 38. 25. 88. 25. 15.  1. 32. 89. 91. 95. 34. 20.]
 [74. 52. 23. 27. 71. 85. 52. 22. 57. 83. 15. 47. 84. 30. 82.]
 [66. 97. 28. 69. 14. 41. 28. 59. 44. 53. 69. 78. 53. 10.  6.]
 [67. 82. 54. 96. 66. 58. 96. 38. 79. 80. 54. 44. 81. 54. 62.]
 [34.  3. 84. 89. 62. 38.  0. 40. 32. 99. 37. 97. 49. 78. 78.]
 [75.  9. 84. 43. 77. 52. 78. 23.  7. 55. 45. 86. 31. 58. 37.]
 [66. 49. 57. 60.  7. 84. 66. 55. 71. 38.  6. 50. 82. 35. 69.]]
 
[[36. 55. 13. 75. 75. 93.  3. 20. 29. 66. 56. 34. 94. 86.]
 [15.  2. 53.  8. 42. 53.  9. 20. 81. 73. 60. 44. 57. 32.]
 [40. 42. 38. 17. 70.  9. 54. 48. 31.  3. 89. 19. 76. 82.]
 [95. 71. 51. 45. 50. 74. 70. 99. 41. 43. 62. 16. 31. 24.]
 [74. 55. 13. 87. 51. 28. 15. 86. 52. 42. 33.  7. 19. 31.]
 [72. 22. 23. 27. 64. 23. 49. 29.  8. 98. 76. 83. 91. 17.]
 [78. 12. 70. 75.  9. 35. 57. 25.  1. 89. 82. 80. 83. 67.]
 [31. 88. 83. 98. 96. 83. 78. 64. 93. 10. 16. 77.  6. 35.]
 [69. 64. 63. 98. 57. 61. 30. 91. 13. 86. 54. 39.  8. 19.]
 [50. 95. 50. 25. 41. 98. 24. 27.  1.  4. 61. 42. 75.  7.]
 [11. 74. 68. 54. 18. 93. 45. 23. 66. 64. 25. 12. 54. 64.]
 [92. 92. 31. 22. 82. 62. 76. 89. 58. 48. 38.  9.  1. 34.]
 [42. 24. 32. 17. 23. 80. 80.  5. 52. 52. 89. 36. 50. 65.]]
 
[[14. 64.  3. 58. 19. 30. 39. 94.]
 [49. 22.  2. 62. 91. 99. 47. 34.]
 [68. 27. 43.  5. 46. 21. 74. 70.]
 [63. 57. 68. 53. 50. 30. 48. 41.]
 [71. 29.  8.  4. 84. 78. 85. 76.]
 [49. 23. 25. 24. 51. 62. 69. 94.]
 [59.  6. 92. 91. 89. 62.  2. 90.]]
 
[[ 3. 48. 81. 94. 61. 47. 82. 64. 84. 91.]
 [40.  1. 32.  0. 65. 37. 27. 26. 93. 52.]
 [20. 56. 88. 81. 46. 83. 59. 97. 90. 70.]
 [91. 63. 84. 94. 98. 62. 85. 27. 65. 70.]
 [49. 43. 98. 18. 34. 17. 12. 96. 16. 31.]
 [84. 76. 27.  0. 68.  0. 23. 63. 41. 74.]
 [16. 50. 85.  5. 35. 56. 91.  6. 27. 60.]
 [32. 83. 86. 35. 83. 97. 34. 85. 85. 34.]
 [86. 46. 59. 81. 83. 71. 30. 38. 62. 49.]]
 
[[32. 20. 30.  8. 69. 86.]
 [ 4.  8. 62. 36.  9. 38.]
 [18. 88. 77. 81. 95. 58.]
 [44. 41. 80. 91. 55. 70.]
 [96. 36. 31. 37. 24. 39.]]
 
[[10. 95. 54. 84. 80. 32. 15. 40. 91. 54.  9. 61.]
 [68. 37. 20. 87. 20. 17.  9. 15. 55. 28. 88. 38.]
 [ 9. 18. 15. 90. 51. 69. 52. 27. 92. 93. 28. 19.]
 [41. 54. 12. 79.  5. 60. 67. 55. 60. 80.  8. 24.]
 [74. 23. 45. 93. 67. 68.  9. 99. 85. 51. 36. 66.]
 [25. 12. 57. 92. 74. 74.  6. 51. 49. 40. 55. 51.]
 [52. 79. 87. 94. 22. 50. 22. 16. 19. 65. 77. 69.]
 [55. 81. 84. 83. 55. 89. 53. 78.  5. 27. 54. 49.]
 [82. 38. 89. 65. 21.  5. 56.  4. 24. 89. 27. 23.]
 [ 0. 42.  1. 23. 78.  3. 75.  4. 29. 32. 28. 16.]
 [16. 58. 68. 78. 76. 56. 29. 54. 71.  7. 80. 17.]]
 
[[51.  2.  4. 61. 42. 99. 76. 81. 83. 48. 25. 10.]
 [81. 67. 36. 69. 16. 38. 97. 63. 45. 47. 86. 69.]
 [98. 43.  9. 28. 98. 16. 71. 89. 27. 19. 68. 53.]
 [15. 18. 79. 31. 52. 88. 40.  8. 63. 37. 79. 22.]
 [33. 47. 66. 80. 60.  5. 59. 97. 55. 27. 62. 67.]
 [87. 98. 25. 36. 97. 31. 49. 16. 77. 36. 97. 74.]
 [29. 59. 90.  7. 55. 19. 26. 20. 81. 41. 43. 40.]
 [84. 32. 50.  7. 86. 48. 59.  7. 37. 42. 30. 84.]
 [87.  2. 94. 69. 88. 12. 54.  4.  2.  9. 28. 57.]
 [53. 76. 75. 11. 72. 86. 37. 33. 49.  4. 92. 27.]
 [73. 20. 46. 90. 39. 65. 62. 40. 76. 56. 83. 75.]]
 
[[75. 56. 27. 20. 74. 20. 40.  0. 60.  2. 93.  2. 44. 95. 61. 15.]
 [25. 25. 97. 92. 94. 41. 45. 84. 10. 13. 57. 59.  6. 16. 27. 40.]
 [ 0. 89. 62. 68. 91. 44. 85. 85. 49. 38. 49. 64. 27. 66. 94. 59.]
 [47. 60. 80. 21. 46. 15. 21. 55. 95. 18. 90. 39. 47. 57. 64.  2.]
 [82. 62. 40.  5. 86. 83. 65. 79. 12. 42. 62. 73. 51. 89. 85. 66.]
 [27. 89. 81. 70.  6. 51. 28. 79. 93. 51. 39. 65. 85. 68. 91.  2.]
 [12. 13. 44. 86.  3. 69. 95. 77. 17. 58. 65. 36. 63.  2. 14. 23.]
 [69. 85. 39. 78. 58. 39. 74. 73. 63. 23.  4.  6. 57. 82. 83.  6.]
 [99. 35. 75.  6. 32. 32. 99. 15. 33. 15. 29. 94. 45. 11. 42. 63.]
 [68. 98. 14.  5. 83. 23. 72. 94. 80. 42. 23. 83. 25. 29. 57. 17.]
 [ 7. 31. 90. 71.  6. 74. 30. 48. 60. 74. 73. 36.  9. 95. 40. 20.]
 [46. 28. 14. 97. 98. 81. 71. 78.  2. 82. 93. 44. 94. 60. 12. 21.]
 [75. 22. 35. 69. 72. 68.  0. 11. 98. 43. 97. 75. 72. 97. 85. 38.]
 [67. 69. 60. 96. 32. 36. 99. 76. 41. 88. 36. 95. 68. 10.  3. 89.]
 [60. 87. 87. 57. 80. 26. 74. 35. 38. 88. 66. 20. 85. 85. 55. 41.]]
 
[[78. 40. 80. 25. 55. 63. 14. 67. 80.]
 [53. 65. 34. 45. 38. 37. 74. 26. 92.]
 [20. 57. 41.  0. 12. 81. 69. 38. 93.]
 [59. 41. 98. 74. 16. 92. 16. 84. 73.]
 [23.  6. 63.  4.  2. 49. 52. 22. 71.]
 [70. 24. 60. 19. 83.  1. 78. 86. 17.]
 [78. 96.  5.  9. 37.  4. 32. 16. 41.]
 [62. 14.  4.  9. 65. 70. 14. 57. 12.]]
 
[[43. 15. 96. 29. 28. 73.  6.  7. 38. 56.]
 [69. 15. 37. 96. 87.  4. 68. 52. 49. 63.]
 [64. 44. 86. 24. 17. 81. 59. 36. 54. 67.]
 [99. 23.  4. 98. 59. 16. 79. 15. 60. 44.]
 [79. 54. 12. 77. 61. 74. 75. 55. 95. 56.]
 [10. 48. 92. 73.  7. 85. 13. 79. 94. 93.]
 [79. 39. 37. 90.  8. 22. 26. 80. 55. 59.]
 [15. 92. 52. 69. 39. 28. 42. 33.  8. 87.]
 [78. 48. 67. 51. 16. 90. 89.  4. 48. 21.]]
 
[[31. 38. 68. 96. 50. 88. 51. 15.]
 [ 7. 30. 58. 70. 13.  5. 60. 80.]
 [78. 57.  9. 26. 66. 40. 64.  4.]
 [96. 27. 14. 34. 18. 44. 93. 83.]
 [14. 73. 37. 93. 62. 10. 25. 96.]
 [14. 22. 27. 64.  4. 82. 65. 41.]
 [32. 92. 58. 66. 95. 74. 37. 64.]]
 
[[ 1. 96.  4. 29. 66. 46. 99. 51. 88. 38.]
 [36.  9. 53. 93. 92. 20. 60. 20. 32.  0.]
 [34. 76. 10. 71. 62. 59. 92. 58.  5. 97.]
 [86. 65. 86. 27. 68. 65.  1. 22. 64. 34.]
 [82. 69. 59. 10. 71. 23. 66.  9. 57. 59.]
 [87.  2. 98. 56. 64. 65. 97. 67. 72. 67.]
 [93. 29. 78. 39. 63. 18. 13. 92. 99. 41.]
 [91. 15. 84. 25. 63. 64. 56.  8. 39. 67.]
 [41. 20. 58. 19. 27. 34. 93. 56. 27. 13.]]
 
[[39. 55. 97. 83. 14. 33. 97. 26.  7. 59.]
 [85. 85. 47.  4. 62. 38. 36. 52.  5. 95.]
 [20. 71.  0. 62. 56. 36. 46. 80. 57. 67.]
 [ 4. 98. 46. 44.  0. 65. 64. 46. 26. 42.]
 [30. 72. 25. 42. 48. 78. 62. 64. 94.  9.]
 [70. 64.  2. 46. 99. 32. 31. 61.  1.  5.]
 [90. 16. 63. 89. 33. 47. 29. 73. 76. 22.]
 [20. 56.  2. 37. 25. 98. 62. 72. 53. 66.]
 [ 2. 29. 39. 94. 29. 78. 63. 60. 47. 22.]]
 
[[69. 38. 72. 56. 73. 71. 70. 47. 27. 69. 16. 62.  2. 46. 19. 31.]
 [11.  7. 59. 68. 38. 43. 50. 36. 62. 88.  7. 82. 24. 76. 88. 49.]
 [96. 53. 56.  0. 13. 15. 41. 83. 41. 65.  1.  8. 67. 21. 99. 28.]
 [33. 85. 89. 82. 48.  9. 94. 44. 80. 38. 95.  9. 85. 64. 66. 35.]
 [18. 64. 42. 34. 52. 11. 67. 36. 13. 90. 61. 31. 61. 96. 49. 14.]
 [60.  4. 65. 61. 96. 13. 71. 28. 67. 90. 46. 60. 35. 80. 46. 36.]
 [34. 59. 85. 28. 12. 86. 61.  9. 89. 81.  6. 75. 29. 14. 74. 59.]
 [63.  9. 72. 83. 54. 15.  6. 21. 89. 64. 35. 19. 32. 82. 47. 82.]
 [53. 24. 96. 57. 78. 61. 55. 84. 89. 21. 18. 80. 86. 49. 90. 66.]
 [46. 16. 11. 11.  1. 37. 18. 43. 52. 43.  7. 92. 57. 89. 22. 43.]
 [56. 38. 61. 17. 18. 93. 29.  6. 60. 35. 89. 30. 50. 91.  2. 81.]
 [57. 38. 85. 13. 50. 10. 63. 13.  8. 88. 16. 99. 83. 33. 73. 75.]
 [96. 57. 84. 13. 24. 34. 22. 86. 85.  7. 85. 29. 13. 52. 12.  6.]
 [67. 64. 62. 16. 59. 97. 29. 65. 65. 38. 67. 68. 34. 38. 56. 77.]
 [ 2. 10. 53. 27. 41. 79. 87.  3. 52. 70. 76. 87. 61. 88. 48. 48.]]
 
[[83. 79. 57. 16. 85. 82. 96. 14. 56. 29. 12. 24.]
 [50. 45. 59. 12. 29. 70.  3. 41. 31. 65. 24. 26.]
 [64. 80. 57. 53. 85. 50. 35. 35.  6. 82. 72. 17.]
 [89. 20.  5. 47. 67. 36. 27. 14. 95. 37. 20. 74.]
 [47. 62. 33.  9. 37. 63. 63. 38. 11. 32. 87. 79.]
 [40.  2. 93. 29. 65. 75. 73. 65. 72. 14.  0. 29.]
 [55. 70. 71. 91. 14. 27. 20. 29.  2. 42. 91. 52.]
 [68. 55. 72. 89.  8. 91. 25.  8. 62. 57. 68. 52.]
 [77. 22. 86. 85. 70. 91. 34. 46. 65. 23. 16. 93.]
 [52. 97. 67. 33. 55. 92. 68. 78. 68. 47. 47. 78.]
 [28. 77. 78. 15. 26. 79. 60. 70.  2. 83. 77. 43.]]
 
[[ 2. 87. 67. 53. 94. 89. 20. 18. 64. 86. 28. 76. 13. 40. 24.]
 [17. 24. 74.  5. 97. 28. 22. 60. 94. 72. 78. 44. 32. 80. 93.]
 [80. 34. 79. 30. 91. 24.  6. 96. 90.  9. 65. 65. 38. 45. 63.]
 [95. 95. 39. 82. 94.  9. 52. 12. 90. 20. 80. 15. 95. 97. 94.]
 [14. 18.  3. 91. 81. 90. 74. 51. 79.  4. 24. 68. 41. 25. 39.]
 [69. 84. 40. 64. 26. 98. 86. 77. 53. 81. 49. 60. 14. 23. 18.]
 [83. 20. 54. 56. 57. 75. 34. 69. 74. 33. 92. 96. 16. 29. 47.]
 [16. 75. 34. 60. 87. 14. 25. 52. 38. 39. 88. 39. 18. 67.  3.]
 [41. 13. 23. 37.  1. 28. 68. 55. 54. 70. 55. 52.  9. 48. 88.]
 [57. 52. 56. 66. 30. 35. 71. 50. 56. 15. 76.  0. 90. 37. 55.]
 [57. 25.  7. 51. 32. 79. 68. 23. 30. 21.  7. 85. 81. 42. 76.]
 [44. 57. 72. 84. 74. 56.  2. 55. 13. 53. 49. 32. 32. 19. 30.]
 [75. 25. 49. 67. 26. 18.  3. 64. 37. 31. 85. 87. 71. 94.  3.]
 [18. 31. 64. 76. 95.  0.  6. 29. 58.  3. 59. 67. 93.  7. 37.]]
 
[[96. 76. 13.  6. 80. 24. 69. 97.]
 [14.  0. 63. 20. 54. 58. 17. 66.]
 [34. 32.  6. 84.  4. 93. 89. 30.]
 [15. 58. 64.  7. 68. 30. 96. 89.]
 [ 2. 82. 37. 71. 89. 33. 12. 14.]
 [91. 33. 16. 80. 16. 61. 65. 66.]
 [65. 67. 99. 10. 67. 99. 52. 32.]]
 
[[45. 92. 21. 59. 48. 21.]
 [74. 49. 62. 31. 22. 21.]
 [76. 35. 45. 87. 38. 44.]
 [17. 82. 87. 81. 44. 47.]
 [35. 83. 88. 69. 28.  2.]]
 
[[30. 39.  0. 69. 31. 92. 34. 63.]
 [76. 82. 55. 73. 42. 31. 85. 97.]
 [35. 75. 64.  8. 37. 72.  2. 52.]
 [72. 47. 95. 89.  4. 78. 97. 67.]
 [77. 56.  9. 56. 20. 38. 99. 70.]
 [84. 44. 44. 35. 44. 77. 56. 80.]
 [61.  6. 32. 93. 22. 48. 70. 85.]]
 
[[43. 98.  9. 31. 47.  5. 47.]
 [60.  8. 85. 56.  0. 38. 79.]
 [48. 59. 16. 21. 67. 86. 28.]
 [93. 53. 17. 31. 91. 63. 20.]
 [49. 16. 59. 68. 56. 40. 89.]
 [44. 87. 97. 78. 52. 97. 50.]]
 
[[78. 64. 11. 34. 90. 20. 11. 54. 56.  7.  7.]
 [62. 31. 52. 30.  1. 59. 86. 93. 27. 75. 56.]
 [13. 78. 88. 53. 89.  7. 62. 95. 15. 64. 77.]
 [59. 53. 94. 38. 26. 77. 52. 80. 94. 92. 21.]
 [33. 44. 50. 89. 54. 67. 38. 90. 72. 58. 85.]
 [97. 75. 91. 71. 26. 80. 94.  0. 44. 53. 67.]
 [14. 88.  6. 17. 32. 63. 94. 84. 83. 74. 63.]
 [26. 85. 78. 69. 84. 35. 73. 28.  2. 96. 97.]
 [81.  5. 75. 66. 45. 23. 37. 66. 60. 99. 84.]
 [27. 55. 82.  5. 86. 51. 48. 88.  7. 65. 81.]]
 
[[56. 82.  9. 88. 58. 92. 57. 41. 62. 87. 65.]
 [36. 70. 25. 77. 13. 83. 37. 69. 67.  9.  9.]
 [71. 97. 10. 42. 51. 93. 39. 89.  0. 96. 29.]
 [76. 23. 67. 54. 68. 80. 52. 74.  3. 49. 58.]
 [72. 97. 62. 52.  7. 53. 66. 50. 45. 54. 61.]
 [ 0. 95. 89. 13. 91. 91. 45. 27. 94. 20. 44.]
 [94. 33. 32. 37. 44. 72. 71. 56. 50. 63. 68.]
 [40. 87.  3. 19. 86. 63. 49. 86. 76. 72. 92.]
 [88. 32. 60. 50. 34. 88.  1.  1. 86. 82. 42.]
 [ 2. 90. 89. 89. 98. 36. 22. 53. 13. 64. 54.]]
 
[[86. 22. 76. 49. 96. 63. 41. 40. 91. 19.  0.]
 [ 5. 86. 81. 96. 54. 79. 84.  5. 28. 27. 17.]
 [70. 32. 99. 72. 35. 70. 92. 63. 96. 94. 34.]
 [77.  2. 49.  2. 46. 41. 98. 14. 10.  0. 26.]
 [84. 58. 29. 46. 88. 72. 65. 99. 45. 15. 29.]
 [25.  5. 60. 90. 58. 25. 22. 79.  4. 63. 81.]
 [75. 82. 66. 92. 18. 44. 58. 80.  0. 48. 18.]
 [10. 12. 27.  4. 68. 18. 46. 85. 58. 64. 19.]
 [12. 26. 30.  7. 40. 24. 24. 39.  3. 11. 21.]
 [79. 11.  5. 51.  1. 27.  0. 63. 65. 45. 47.]]
 
[[37. 82.  1. 85. 94. 90. 36. 50. 70.]
 [43.  8. 78. 13. 87. 38. 36. 46. 70.]
 [18. 56. 78.  4. 10. 21. 62. 24. 85.]
 [ 3. 77. 57. 49. 46. 58. 98.  8.  6.]
 [46. 21. 59. 49. 86. 98.  9.  4. 64.]
 [19. 94. 37. 88. 27. 22. 98. 94. 90.]
 [77. 84. 25. 48. 87. 41. 60. 56. 68.]
 [61. 27. 38. 50. 57. 56. 66. 71. 87.]]
 
[[99. 69. 10. 85. 23. 60. 71. 30. 75. 89. 64.  9. 84. 62. 83.]
 [37.  5. 49. 75.  2. 95. 78. 94. 93. 98.  3. 73. 24. 37. 16.]
 [96. 83. 66. 99. 22. 99. 73. 53. 64. 21. 71.  0. 64.  9. 22.]
 [63. 63. 40. 53. 71. 13. 81. 32. 20. 20. 63. 54. 67. 51. 28.]
 [ 2. 75. 12. 80. 56. 24. 88.  2. 86. 46. 80. 44. 52. 17. 90.]
 [63.  2. 28. 10. 90.  9. 78. 97.  8. 65. 52. 11. 90. 17. 19.]
 [49. 97.  7. 12. 52. 43. 30. 28. 59. 78. 54. 43. 58. 32. 59.]
 [63. 44. 18.  4. 54. 48.  2. 19.  4.  6. 90. 17. 60. 28. 80.]
 [63. 99. 14. 72. 20. 18. 88. 84. 64. 60. 55. 83. 33. 48.  7.]
 [54. 97. 47. 69.  0. 77. 26. 28. 76. 46. 36. 60. 21. 22.  9.]
 [88. 95. 57.  3. 78. 25. 15. 19. 46. 47. 50. 45. 10. 31. 20.]
 [32. 93. 84.  5. 18. 51. 94. 19. 96. 96. 68. 21. 27.  3. 62.]
 [66. 50. 55. 69.  5. 95. 62. 18. 64. 80. 77. 13. 12. 64. 43.]
 [52. 43. 35. 11. 21. 41. 70. 14. 15. 22. 88. 56. 98. 81. 21.]]
 
[[11. 79. 54. 32. 68. 85. 66. 40. 11.]
 [39. 10. 62. 73. 65. 35. 85. 14. 14.]
 [26. 51. 96. 87. 21.  1. 43. 82. 75.]
 [43.  8. 49. 45. 21. 86. 60.  4. 49.]
 [ 5. 77. 67. 61. 73.  4. 40. 13. 77.]
 [66. 87.  7. 33. 67. 65. 30. 56. 87.]
 [20. 23. 59. 41. 77. 31. 45. 50. 84.]
 [56. 52. 58. 37. 22. 46. 15. 78. 76.]]
 
[[38. 70. 88. 92. 46. 69. 34. 26. 58. 52.]
 [46. 21. 34. 15. 83. 94. 51. 31. 46. 92.]
 [27. 42. 68. 75. 59. 64. 63. 95. 77. 47.]
 [26. 76. 67.  3.  2. 57. 94. 91. 73. 79.]
 [34. 28. 91. 57. 68. 39.  9. 90. 64. 98.]
 [82. 83. 77. 43. 55. 13. 83. 57. 38. 62.]
 [ 8. 13. 27. 26. 19. 97. 25.  8. 74. 40.]
 [48. 34. 46. 57. 56. 29. 27.  3. 85. 16.]
 [67. 16.  1.  8. 72. 51.  0. 74. 85. 87.]]
 
[[94. 27. 91. 30. 20. 74. 39. 91. 76. 65. 84.]
 [87. 83. 41. 38. 62. 33. 85. 47.  0. 34.  1.]
 [ 8. 12. 86. 19. 18. 35.  9. 96. 22.  2. 53.]
 [ 7. 30. 87. 47.  8. 39. 13. 40. 12. 72.  6.]
 [10. 10. 15. 65. 49. 39. 25. 56. 83. 86.  6.]
 [29. 55. 20. 67. 36. 39.  5. 13.  5. 34.  5.]
 [48. 11. 11. 68. 61. 45. 68. 79. 36. 57. 44.]
 [63. 10. 58.  8. 63. 40. 96. 50. 43. 64. 42.]
 [82. 66. 22. 20. 22. 74. 15. 29. 97. 29. 66.]
 [52. 57. 59. 34. 43. 54. 24. 68.  5. 98. 54.]]
 
[[45. 50. 80. 25. 15. 76.]
 [ 5. 39. 24. 45. 94. 78.]
 [ 1. 69. 29. 75. 26. 27.]
 [10. 78. 62. 33. 67. 73.]
 [ 1. 28.  4. 37. 35. 17.]]
 
[[59. 63. 14. 43. 54. 56.]
 [22.  7. 72. 74. 27. 53.]
 [24.  7. 88. 25. 84. 13.]
 [38. 36. 74. 21. 38. 43.]
 [76. 39. 64. 72. 52. 68.]]
 
[[78. 99. 33.  0. 49. 15. 41. 77. 35.]
 [85. 63. 35. 84. 60. 29. 50. 20. 19.]
 [95. 51. 57. 94. 11. 24. 82. 68. 87.]
 [22. 57. 48. 31. 64. 28. 43. 32. 55.]
 [50. 91. 24. 30. 95. 22. 97. 85. 64.]
 [47. 60. 89. 79. 26. 18. 68. 12. 60.]
 [56. 65. 14. 44. 73. 35. 32. 26. 84.]
 [16. 73. 42. 35. 35. 21. 76. 76. 94.]]
 
[[15. 67.  1.  5.  0. 68.  3. 64. 50. 73. 73.  2. 64.]
 [42. 90. 27. 68. 41. 23. 20. 93. 38. 17.  5. 83. 83.]
 [93. 87. 15. 82. 92. 20. 94. 15. 15.  9. 41.  6. 27.]
 [46. 69. 25. 55. 64. 13. 18. 93.  5. 14. 98. 31. 52.]
 [81. 49. 11. 18. 65. 46. 79. 69. 43. 82. 14. 67. 37.]
 [49. 99.  7. 48. 25. 76. 29. 73. 52. 69. 70. 83. 16.]
 [93. 41. 27. 94. 24. 78. 96. 28. 44. 83.  5.  6. 21.]
 [55. 62. 72. 19. 72. 80. 44. 82. 52. 43. 74. 59. 19.]
 [67. 33. 90. 98. 82. 44. 56. 47. 54. 38. 41. 30. 37.]
 [41. 50. 57. 20. 82. 89. 76. 34. 16. 81. 12. 92. 18.]
 [39. 25. 50.  7. 72.  9. 10. 77.  0.  0. 82. 24. 76.]
 [ 0. 20. 21. 71. 69. 73.  1. 24. 18.  6. 74. 33. 79.]]
 
[[72. 89. 92. 13. 32. 76. 38. 37. 85. 97.  3.  0. 93. 81. 98.]
 [97. 80. 70. 24. 32. 87. 46. 92. 77. 31. 40. 17. 52. 99. 78.]
 [83. 83. 48. 14.  0. 83. 23. 86. 60. 44. 71. 20.  4. 56. 63.]
 [89. 69. 27. 14. 78. 18. 14. 95. 58.  4. 99. 76. 28. 81.  5.]
 [59. 81. 49. 15. 57. 23. 46. 97. 54.  5. 18. 41. 77. 18. 35.]
 [11. 54. 79. 25. 52. 38. 75. 69. 22. 35. 59. 88. 62. 63.  8.]
 [31. 15. 46.  7. 70.  5. 41. 87.  3. 67. 75. 74. 27.  3. 18.]
 [85. 30. 82. 76. 12. 54. 77. 40. 85. 18. 90. 78. 24. 58. 83.]
 [71. 10. 26. 45. 42. 51. 13. 58. 42. 44.  1.  7. 84. 72. 56.]
 [96. 90. 80. 38. 27. 23. 46. 39. 40. 23.  0.  4. 63. 74. 89.]
 [96. 52. 88. 78. 80. 90. 44. 27. 35. 54.  9. 74. 87. 39. 57.]
 [67. 85. 73. 79. 96. 39. 72. 60. 84. 24. 24. 68. 23. 25. 97.]
 [99. 64. 19. 18. 20. 98. 12. 21. 72. 37. 57.  3. 50. 53. 26.]
 [77. 24. 97. 42. 84. 76. 87. 18. 13. 53. 23. 32.  2. 54. 20.]]
 
[[92. 28. 65. 37. 20. 90.]
 [32. 67.  4. 33. 80. 87.]
 [23. 54. 17. 80.  0. 41.]
 [ 8. 74. 31. 13. 60. 27.]
 [39.  2. 33. 51. 17. 20.]]
 
[[36. 45. 13. 24. 31. 95. 59. 75. 53. 88. 42. 17. 57. 74. 42. 23.]
 [12. 32.  8. 78. 56. 48.  6. 34. 87. 12. 49.  7. 99.  5. 38.  1.]
 [14. 58. 52.  4. 25.  7. 44. 17. 11. 49.  0.  9.  7. 96.  5. 20.]
 [73. 60. 71. 67. 77. 70. 90. 97. 33. 27. 60. 27. 21. 98. 82. 62.]
 [56.  6. 26.  5. 51. 22. 74. 64. 44. 45. 84. 79. 62. 79. 89. 69.]
 [93. 53. 98. 29. 36. 32. 26. 39. 97. 20. 55. 70. 50. 79. 67. 42.]
 [69. 17. 85. 39. 77. 10. 71. 97. 85. 70.  9. 88. 33. 96. 81. 56.]
 [46. 73. 91. 56. 75. 95. 45. 29. 42. 47. 23. 80. 99. 89. 16. 13.]
 [59. 33. 39. 74. 47. 93. 14. 83. 43. 74. 48. 19.  1. 50. 71.  8.]
 [65.  9. 31. 52. 91. 65. 77. 56. 34. 41. 18. 71. 72. 66. 86. 67.]
 [25. 34. 88. 76. 63. 65.  9. 20. 60. 61.  9. 19. 95. 55. 50. 72.]
 [43. 49. 50. 66. 50. 83.  6. 90. 51. 70. 74. 15. 76.  3. 18. 41.]
 [47. 59. 55. 46. 90.  7. 95. 69. 72. 59. 65.  4. 61. 92. 44. 69.]
 [38. 59.  5. 22. 37. 21. 93. 23. 48. 66. 30. 10. 36. 64. 27. 71.]
 [ 9. 21.  6. 38. 19. 75. 94. 58. 22. 72.  6. 93. 97. 56. 82. 94.]]
 
[[50. 89. 25. 30. 92. 28. 93. 19. 16.  1. 29. 30. 91. 55. 34. 86.]
 [71. 96. 44. 69. 80. 86.  5. 97. 79. 52.  4. 87.  1. 19. 78. 77.]
 [63. 51. 58. 58. 15. 10. 92. 40.  3. 37. 49. 34. 97. 52. 44. 14.]
 [96. 43. 89. 15. 90.  4. 37. 28. 69. 14. 16. 84. 80. 61. 62. 12.]
 [24. 27. 68. 56. 77. 31. 83. 64. 51.  2. 94. 21. 15. 66. 75. 65.]
 [19. 59. 51. 17.  1. 73. 74. 59. 24.  9. 87. 76. 13. 17. 44. 42.]
 [25. 65.  8. 41. 48. 80. 50. 58.  5. 39. 99. 31. 90. 16. 88. 25.]
 [24. 92. 22.  9. 67. 67. 41. 50. 44. 97.  4.  3. 53. 32. 34.  4.]
 [58. 63. 16. 90. 78. 25. 27. 97. 20. 56. 59. 98. 43.  3. 35. 61.]
 [31. 39. 55. 52. 72. 47. 45. 14. 44. 51. 79. 19. 94. 16. 29. 19.]
 [ 8. 38. 92. 31. 34. 41.  2. 71. 87. 76. 44. 10. 66. 23. 38. 22.]
 [68. 26. 25. 90. 50. 64. 68. 99. 89. 13. 71. 27. 77. 68. 42. 87.]
 [ 8. 69. 50. 96.  2. 24. 65. 50. 71. 79. 94. 45. 54. 61. 92. 57.]
 [21. 17. 80. 81. 19. 19. 31. 46. 38. 55. 87. 14. 56. 71.  1. 41.]
 [15. 20. 46. 43. 85. 90. 23.  9. 85. 54. 33. 41. 42. 43. 13. 47.]]
 
[[24. 98. 28. 64. 34. 60. 97. 55. 20.]
 [63. 65. 64. 23. 78. 70. 31. 33. 20.]
 [86. 76. 84. 25. 13. 34. 61. 41. 27.]
 [15. 47.  7.  4. 59. 58. 62. 85. 50.]
 [87. 38. 68.  8. 39. 11. 27. 10. 40.]
 [ 8. 94. 22. 32. 82.  8. 93. 20. 55.]
 [74. 40. 15. 51. 77.  4.  0. 45.  7.]
 [85.  4. 44. 97. 57. 34. 73. 29. 81.]]
 
[[50. 39. 15.  4. 35. 31. 40. 53. 57. 93. 71. 20. 72. 30. 82. 72.]
 [ 8. 57. 60. 33. 91. 56. 32. 35. 67. 95.  8. 44. 76.  0. 12. 52.]
 [28. 90. 21. 15. 58. 73. 31. 87. 21. 85. 96. 41. 94. 19. 83. 74.]
 [34. 93. 49. 95.  8. 65. 92. 35. 24.  5. 79. 64. 43. 88. 91. 36.]
 [67. 95. 77. 20. 53. 64. 13. 34. 34. 40. 41. 88. 44. 80. 23. 54.]
 [21. 28. 13. 77. 30. 83. 31. 41. 70. 51. 78. 87. 75.  4. 50.  4.]
 [90. 46. 59. 79. 15. 88. 53. 80. 31. 38. 80. 82. 21.  2.  8.  0.]
 [97. 93. 28. 69. 44. 44. 61. 94. 56. 98. 82. 36. 98.  9. 78.  9.]
 [32. 81. 25. 59. 93. 47. 30. 19. 17.  6. 21.  3. 61. 89. 26. 67.]
 [70. 74. 52. 15. 53. 98. 31. 78. 17. 43. 16. 55. 49. 55.  5. 35.]
 [29. 78. 94. 75. 86. 39. 35. 58. 59. 55.  6. 68. 80.  1. 86. 52.]
 [ 0. 46. 90. 21. 54. 76. 47. 44. 48. 59. 43. 56. 52. 78. 66. 73.]
 [98. 42. 88. 73. 94. 39. 20. 74.  0. 94. 26. 20. 97. 63. 84. 55.]
 [38. 27. 22. 47. 69. 42. 70. 28. 23. 49.  9. 35. 41. 60. 68. 48.]
 [97. 63. 48. 71. 63. 22. 55. 73. 23. 11. 42. 64. 30. 50. 69. 50.]]
 
[[63.  2. 78. 69. 39. 97. 96. 92. 89. 61. 81.  4.]
 [73. 68.  7. 36. 14.  5. 24. 39. 52. 29. 72. 70.]
 [23. 23. 31. 66. 80. 86. 57. 83. 94. 72. 87. 26.]
 [13.  6. 29. 26.  2. 39.  0. 41.  9.  5. 84. 28.]
 [62. 17. 23. 64. 50. 87. 72. 65. 59. 63. 69. 37.]
 [89. 50. 54. 54. 78. 54. 83. 31. 34. 58. 50. 45.]
 [14. 53. 37. 26.  7. 24. 28. 58. 68. 69. 56. 58.]
 [86. 74.  9. 85.  7.  4. 42. 36.  9. 68. 77. 90.]
 [85. 86. 96. 84. 22. 64. 68. 68. 84. 54. 12. 51.]
 [50. 98. 58. 90. 59. 94. 21. 67. 81. 52. 78.  4.]
 [57. 58. 20. 41. 70. 63. 45. 23. 91. 90. 36. 88.]]
 
[[88.  1. 24. 91. 47. 98. 34.  5. 77. 85.]
 [ 1. 79. 19. 85. 91. 25. 14. 40. 22. 89.]
 [83.  5. 91. 44. 84.  2. 56. 12. 16. 48.]
 [77. 26. 83. 49. 42. 96. 12. 80.  4. 45.]
 [58. 96. 70. 42. 32. 55. 33. 50. 20. 66.]
 [96.  4. 66. 80. 29. 92. 59. 20.  7. 81.]
 [38. 96. 36. 90. 37. 92. 78. 17. 29. 55.]
 [16. 47. 56.  4. 91. 34. 94.  0.  3. 95.]
 [40. 88. 59. 25. 60. 70. 78.  6. 11. 63.]]
 
[[65. 63. 49. 25. 62.  2. 59.  5. 30. 83.]
 [ 1. 35. 65. 74. 13. 59. 48.  1. 89. 18.]
 [49. 10. 31. 43. 40. 49. 51. 55. 94. 76.]
 [32. 54. 99. 58. 59. 27. 45. 83. 48. 85.]
 [34. 36. 12.  2. 67. 72. 92. 97. 57. 45.]
 [50. 14. 70.  5. 44. 45. 44. 25. 32. 76.]
 [19. 86. 96. 46. 96. 21.  6.  8. 97. 59.]
 [65. 35. 59. 23. 66. 62.  6. 68. 64. 39.]
 [64. 65. 34. 89. 32. 98. 55. 12. 76. 13.]]
 
[[67.  2. 34. 44. 69. 60. 50. 98. 41. 71. 65.  2. 74.]
 [48.  5.  7.  6. 18. 18. 26. 70. 52.  5. 28. 25. 64.]
 [80. 36. 16. 41. 75. 89. 34. 67.  2. 46. 64. 67.  2.]
 [58. 97. 82.  4. 71. 88. 32. 98. 38. 39. 10. 30. 25.]
 [70. 69. 46. 26. 94. 83. 18.  0. 71. 14. 59. 50. 27.]
 [79. 29. 96. 12. 88.  8. 98.  0. 93. 30.  2.  6. 21.]
 [47. 17. 70. 50. 60. 25. 66. 94. 54. 54. 14. 61. 98.]
 [63.  1. 25. 91. 92. 96. 47. 81. 69. 83. 48. 87. 87.]
 [65. 29. 30. 75. 70. 31. 94. 44.  2. 71. 80.  0. 18.]
 [19. 68.  5.  1. 50. 49. 91. 54. 76. 76. 30. 98. 20.]
 [69. 78. 17. 11. 22. 48. 50. 66. 28. 43.  9.  5. 82.]
 [13. 49. 35. 46. 31. 16. 40. 92. 47. 51. 48. 64. 47.]]
 
[[63. 80.  5. 49. 50. 10. 79. 61. 23.  8. 41. 29. 85.]
 [14. 42. 25. 90. 97.  2. 98.  5. 58. 24. 65. 39. 19.]
 [35.  6. 14. 40. 56. 88. 94. 76. 82. 57. 82. 59. 29.]
 [91.  8. 40. 57. 76. 67. 92. 74. 39. 93. 93. 47.  3.]
 [26. 70.  4. 26.  0. 74. 51. 81. 31. 15. 93. 14. 87.]
 [86. 70. 99. 99. 94. 97. 65.  3. 29. 30. 69. 24. 35.]
 [88. 83. 27. 84. 99. 25. 14. 98. 25. 78. 84. 83. 30.]
 [26. 38. 63. 46. 49. 73. 21. 75.  5.  7. 17. 51. 54.]
 [33. 83.  2. 53. 98. 86. 90. 70. 98. 70. 60. 29. 21.]
 [50.  4. 56. 68.  7. 83. 42. 89. 31. 47. 54. 71. 39.]
 [26. 42. 52.  5. 90. 36. 65. 20. 48. 65. 10. 83. 53.]
 [33. 76. 30. 33. 39. 58. 22. 42. 54.  1.  9. 33. 31.]]
 
[[ 0. 93. 43. 82.  7. 17. 74. 96. 82. 64.]
 [62. 50. 78. 71.  4. 63. 58.  1. 39. 84.]
 [59. 61. 59. 73.  0. 20. 22. 11.  8. 77.]
 [95. 54. 16. 69. 17. 19. 96. 59. 85. 92.]
 [ 1. 84. 92. 53. 60. 71. 11. 95. 60. 63.]
 [26. 21. 34. 68. 57. 24. 44. 47. 89. 48.]
 [53. 44.  7. 48. 27. 41. 24.  5. 84.  0.]
 [95. 95. 28. 75. 67. 54. 28. 49. 59. 85.]
 [11. 72. 88. 12. 84. 51. 21. 82. 73. 29.]]
 
[[56. 55. 64. 10. 68. 79.]
 [38. 93.  7. 59. 22. 19.]
 [84. 65. 64. 52. 25. 23.]
 [22. 18.  5. 87. 35. 43.]
 [ 5. 28. 24. 15. 84. 23.]]
 
[[16. 71.  7. 68. 67. 76. 23. 39.  2.]
 [ 0. 82. 86. 56. 49. 65. 13. 12. 62.]
 [13. 36. 22. 39. 47. 33. 85. 84. 30.]
 [42.  9. 54.  6. 28. 14. 86. 95. 85.]
 [25. 53. 96. 34. 86. 33. 39. 80. 80.]
 [19. 14. 37. 82. 12. 10.  6. 65. 90.]
 [61. 23. 27. 61. 94. 88. 12. 75. 49.]
 [80. 24. 42. 40. 49. 58. 13. 84. 92.]]
 
[[74. 22. 65.  8. 78. 89. 11. 32. 97. 96. 36. 36. 38. 52.]
 [60. 21. 88. 16. 79. 17. 49. 58. 33. 65. 75. 46. 54. 71.]
 [17. 20. 20. 81. 81. 86. 23. 75. 97. 98. 65. 89. 63. 71.]
 [99. 51. 50. 11.  2. 34. 10. 35. 36. 49. 37. 96. 48. 56.]
 [92. 32. 52. 61. 78. 54.  0. 32. 37.  9. 70.  6. 10. 77.]
 [34. 28. 93. 64. 96. 18. 12. 60. 20. 39. 62.  9. 82. 21.]
 [19. 80. 80. 34. 89. 10. 54. 61. 91. 38. 79. 23. 48. 46.]
 [18. 44. 27. 60. 30. 30. 94. 59. 87. 43. 71. 25. 30. 92.]
 [84. 23. 79. 58. 47. 72. 13. 38. 69. 48. 59. 10. 53.  2.]
 [75. 93.  1. 32.  0. 41. 27.  7. 40. 30. 33.  9. 41. 88.]
 [ 8. 74. 32. 47.  0. 95. 49. 70. 83.  2. 95. 84. 13. 53.]
 [12. 99. 94. 32. 22. 26. 31. 45. 27. 38. 24. 18. 41. 39.]
 [35. 86. 94. 30. 87. 70.  7. 21. 98. 88. 64. 26. 33. 51.]]
 
[[60. 85. 17.  5. 19. 89. 27. 19. 76. 37.  2. 12. 63. 39.]
 [14. 24. 66. 66. 14.  6. 70. 47. 21.  5. 55. 58. 28. 14.]
 [12. 53. 44. 17. 32. 89. 50.  0. 14. 55. 94. 16. 97. 59.]
 [83.  4. 32. 55. 80.  6. 45.  5.  8. 80.  9. 46. 83. 56.]
 [76. 28. 31.  0. 70. 95. 65. 55.  7. 46. 81. 82. 80. 26.]
 [11. 23. 83. 58. 54. 57. 43. 48. 85. 74. 50. 37.  3.  5.]
 [63. 29.  8. 99. 71. 95. 20. 87. 70. 35. 71. 21. 26. 54.]
 [91. 96.  2. 93. 54. 43. 65. 87. 36. 77. 46. 23. 81. 27.]
 [98. 86. 17. 41. 73. 68. 41. 35. 14. 75.  8.  4. 54. 88.]
 [26. 13. 47. 62. 59. 12. 75. 81. 68. 38. 27. 55. 86. 83.]
 [16. 35. 74. 34. 67. 83. 94. 74. 62. 18.  2. 59. 38. 67.]
 [78. 65. 37.  1. 54. 11. 60. 32. 85. 51. 42. 87. 96. 91.]
 [25. 32. 69. 60. 85. 20. 84. 68. 87. 58. 18. 39. 48. 64.]]
 
[[13. 52.  0. 73. 24. 43.]
 [79. 88. 21. 83. 77. 61.]
 [34. 52. 57. 23. 14. 45.]
 [64. 69.  1. 47. 88. 36.]
 [27. 40. 38.  2. 63. 87.]]
 
