[[81. 35.  9.  3.  5. 10. 94. 81. 72. 52. 48. 12.]
 [50. 43. 14. 22. 19. 55. 91. 83. 82. 88. 69. 97.]
 [ 8. 59. 55. 25. 79. 73. 19. 20. 22.  8. 58. 12.]
 [48. 18. 80. 36. 15. 74. 21. 14.  7. 83. 66. 34.]
 [ 1.  1.  5. 12. 18. 89. 37.  1. 10. 83. 48. 29.]
 [54.  7. 17.  2. 17. 78. 85. 65. 48.  4. 74. 26.]
 [32. 56.  4. 49. 58. 17. 18. 78. 71. 16. 92. 86.]
 [92. 47. 36. 30. 60. 12. 88. 72. 52. 26. 94. 58.]
 [72. 37. 98. 18. 79. 57. 99. 81. 14.  6. 37. 90.]
 [24. 84. 28. 34. 27.  6. 24. 46. 92. 20. 41. 15.]
 [56. 35. 23. 81. 50. 90.  6. 58. 81. 66. 32. 10.]]
 
[[19. 66. 67. 86. 71. 17.]
 [44. 43. 45. 53. 47. 10.]
 [66. 50.  1. 67. 51.  7.]
 [85. 10. 16. 92. 60. 64.]
 [21. 58. 24. 48. 91. 28.]]
 
[[78. 98. 65.  8. 54. 36. 57.  1. 22. 61. 24.  0. 56. 13. 28. 71.]
 [50. 76. 14. 92. 72. 15. 89. 45. 28. 61. 93. 27.  2. 58. 33. 40.]
 [67. 43.  6. 75. 18. 62. 14. 70. 21. 12. 69. 52.  6. 54. 81. 53.]
 [81. 43. 76. 39. 36. 81. 12. 53. 22. 61. 78. 77.  0. 18. 63. 89.]
 [83. 73. 25. 43. 95. 70. 69. 24. 77. 32. 53. 30. 78. 57. 54. 84.]
 [62. 81. 97. 28. 19. 98. 43. 99. 33.  2. 68. 61. 96. 63. 52. 64.]
 [20. 91. 16. 57. 85. 69.  3. 90.  6.  8.  3. 58. 75.  8. 74. 74.]
 [44.  3. 42. 14. 34. 74. 82. 62. 14. 92. 99. 30. 89. 52. 86. 58.]
 [99.  7. 82. 46. 76. 54.  6.  3. 22. 60. 22. 51.  2. 63. 76. 40.]
 [30. 61. 51. 64. 69. 25. 78. 57. 17. 29. 82. 45. 61. 91.  0.  2.]
 [21. 48. 98. 27. 84. 82. 33. 58. 50. 60. 16. 55. 58. 22. 78. 54.]
 [78. 59. 20.  3. 89. 42. 14. 48. 16. 88. 84. 38. 47. 58. 29. 87.]
 [10. 28. 47. 33. 79. 67. 22. 61. 47. 10. 58. 66. 31. 29. 43. 46.]
 [ 0. 46. 70. 14. 32. 57. 58. 19. 14. 36. 38. 33. 83. 92. 49. 83.]
 [34. 47. 54. 52. 18. 65.  4. 76. 83. 54. 45. 25. 71. 82. 11. 45.]]
 
[[ 6. 47. 33. 21. 63.  0. 19. 17. 41. 82.]
 [13.  0. 21.  2. 80. 19. 96. 24. 62. 69.]
 [60. 65. 88. 11. 33. 48. 46. 28. 73.  1.]
 [32. 86. 50. 18. 99. 61. 59. 12. 46. 46.]
 [90. 35. 76. 96. 87. 74. 21. 20. 70. 42.]
 [24. 48. 23. 70.  9. 87. 12. 29. 66. 78.]
 [ 3. 64. 91. 97. 28.  5. 44. 69. 15. 98.]
 [19. 51. 17.  0. 77. 70. 60. 62. 17. 73.]
 [97. 72. 69. 33. 84. 27. 56. 16. 89. 80.]]
 
[[45. 69. 69. 38. 43. 93.  5. 40. 68. 65.]
 [93. 60. 37. 94. 61. 64. 14. 97. 38. 50.]
 [29. 61. 10. 69. 52. 47. 93. 56. 61. 65.]
 [95. 22. 42. 56. 68. 34. 52. 94. 13. 63.]
 [32. 91. 25. 90. 68. 17. 75. 48. 88.  7.]
 [20. 23. 71.  0. 87. 49.  6. 56. 98. 15.]
 [45. 11. 23. 83. 60. 45. 26. 50. 18. 45.]
 [30. 72. 27. 69. 29. 85. 22. 24. 82. 68.]
 [ 9. 93. 90. 89. 81. 41.  7. 54.  6. 20.]]
 
[[25. 81. 35. 74. 77. 69. 67. 57. 52. 12.  2. 85. 73. 54. 36.]
 [74. 64. 92. 25. 15. 22.  3.  4. 84. 87. 15.  6. 18. 96.  0.]
 [64. 14. 94. 62. 74. 44. 68. 21. 36.  0. 96. 31. 84. 63. 14.]
 [75. 90. 44. 24. 75. 27.  7. 13. 37. 13. 80. 84. 66. 76. 36.]
 [84. 81. 62. 19. 71.  3. 33. 87. 54. 50. 36. 38. 27. 79. 21.]
 [ 8. 56. 29.  1.  4. 98. 47. 97. 83. 27. 99. 80. 72. 15. 46.]
 [80. 33. 60. 30. 59. 82. 30.  4. 54. 45. 42. 17. 54. 46. 60.]
 [23. 26. 36. 95. 12. 49. 26. 29. 79. 91. 67. 33. 55. 91. 38.]
 [35. 11. 75. 31.  4. 21. 55. 86.  9. 25. 27. 75. 40. 62. 19.]
 [63. 85. 43.  8. 53. 43. 32. 14. 87. 22. 10. 41. 63.  7. 82.]
 [55. 90. 40. 71. 56. 82. 14. 35. 46. 49.  1. 34. 63. 98. 67.]
 [56. 86. 97. 98. 62. 84.  2. 48. 65. 52. 91. 63.  7. 83. 24.]
 [32. 69. 28. 56. 94. 99. 11. 64. 69. 34. 70. 88. 11. 12. 84.]
 [76.  3. 26. 57. 25. 16. 74. 25.  4. 63. 87.  4. 65. 29.  5.]]
 
[[55. 36. 69. 55. 11. 26.]
 [99. 14. 26. 31. 31. 71.]
 [84. 40.  8. 60. 93. 11.]
 [42. 92. 37. 97. 17.  2.]
 [43. 16. 90. 21. 70. 88.]]
 
[[46. 55. 88. 60. 69. 44. 64. 73.]
 [45. 21. 90. 83. 89. 74. 18. 36.]
 [62. 15. 22. 42. 43. 80. 60. 86.]
 [31. 37. 74. 25. 10. 63. 34. 96.]
 [25. 95. 16.  4.  6. 99. 40. 68.]
 [10. 19. 35. 58. 19. 47. 93. 24.]
 [54. 29. 12.  7. 52. 94. 29. 69.]]
 
[[29. 51. 34. 20. 86. 65. 54.  0. 11.]
 [52. 60. 63. 60. 36. 36. 91.  1.  7.]
 [38. 53. 55. 13.  6. 41. 88. 26. 13.]
 [42. 42. 55. 33. 78. 32. 37. 82. 42.]
 [95. 63. 62. 89. 89. 99.  2. 63. 62.]
 [77. 70. 95. 14. 28. 93. 46. 75. 42.]
 [10. 60. 35. 88. 47. 48. 13. 16. 45.]
 [ 5. 71. 76.  3. 82. 36. 24. 17. 83.]]
 
[[39. 67. 81. 94. 17. 48. 45.]
 [78. 46. 89. 76. 83. 86.  3.]
 [38. 65. 10. 14. 91. 43. 74.]
 [18. 79. 74. 77. 27.  5. 69.]
 [64. 82. 51. 83. 26. 95. 69.]
 [79. 21. 65. 53. 81. 75. 48.]]
 
[[49. 84. 10. 10. 74. 71. 70.  3. 65. 36. 36. 56. 57. 27. 52. 23.]
 [31. 84. 18. 48. 86. 76. 45. 36.  4. 63. 31. 98. 47. 17. 65. 96.]
 [ 5. 43. 28.  4. 86. 72. 96. 77. 19. 16. 32. 99. 28. 78. 51. 31.]
 [73. 96. 12. 50. 77. 74. 94. 41.  6. 53. 56. 18. 48. 31. 44. 51.]
 [83. 16.  1. 82. 17. 31. 24. 83. 69. 49. 65. 15.  0. 87. 79. 68.]
 [17.  2. 22. 15. 71. 61. 90. 90. 32. 74.  4. 13. 17.  3. 44. 47.]
 [26. 97. 73. 33. 65. 53. 27. 98. 58. 42. 18.  9. 85. 80. 25. 97.]
 [50. 47. 46. 81. 46. 93.  6. 10. 96. 12. 59. 52. 84. 35. 66. 58.]
 [34. 57. 97.  0. 51. 77. 42. 25. 83. 59. 75. 32. 22. 59. 84. 83.]
 [80. 95. 90. 77. 91.  2. 76. 73. 60. 49. 66. 45. 95. 61. 19. 92.]
 [83. 30. 28. 63. 69. 51. 18.  2. 19. 21. 61.  0. 15. 73. 14. 59.]
 [18.  8. 74. 48. 14. 93. 47. 29. 16. 18. 23. 83. 55. 47.  4. 93.]
 [54. 17. 86. 98. 92. 51. 60. 72. 29. 26. 36. 40. 16. 72. 97.  2.]
 [14. 97. 88. 91. 64. 34. 20. 96. 22. 72. 43. 84. 91. 84. 43. 71.]
 [62. 42. 80. 74. 37.  2. 24. 66. 96. 72. 95. 43. 27. 85. 14. 45.]]
 
[[14. 51. 44. 50. 91. 83. 33. 16. 81. 88. 17.]
 [99. 76. 36.  7. 40. 39. 86. 56. 53. 96. 48.]
 [33. 35. 34. 26. 84. 20. 24. 77. 11. 64. 66.]
 [15. 56. 76. 74. 31. 28. 69. 66. 33. 36. 41.]
 [36. 66. 41. 82. 15. 79. 54. 97. 50. 52.  2.]
 [66. 46. 70. 16. 16. 36. 31.  9. 18. 99. 11.]
 [80. 86. 33. 34. 57. 96. 67. 22. 46. 33. 77.]
 [34. 17. 21. 65. 91. 53. 64. 49. 20. 14. 14.]
 [12. 21. 91. 11. 53. 82. 24. 70. 72. 99. 12.]
 [40. 86. 16. 10. 87. 20. 57. 43.  7. 54. 23.]]
 
[[18. 90. 50. 12. 58. 27. 67. 30. 10. 88. 18. 34. 65. 31. 31.]
 [63. 93.  9.  1. 91. 48. 82. 79. 91. 15. 87. 10. 56. 19. 10.]
 [46. 49. 83. 33. 25. 80. 36. 35. 85. 19. 62. 42. 21. 73. 90.]
 [31. 66. 39. 34.  4. 18. 59. 58. 74. 55.  9. 66. 38.  2.  0.]
 [87. 57.  1. 62. 36. 71. 32. 16. 68.  1. 53. 77. 60.  1. 30.]
 [76. 63. 54. 94. 92. 25. 87. 45. 13. 48. 23. 99. 64. 87. 80.]
 [69. 18. 85. 82.  9. 34. 70. 60. 15. 73. 68.  0. 18. 43. 53.]
 [77.  3. 47.  9. 56. 53.  2. 11. 64. 50. 63. 58. 71. 24. 51.]
 [11. 18. 27. 11. 41. 36. 78. 50. 85. 69. 13. 69. 63. 95. 77.]
 [35. 91. 68. 67. 93.  3. 71. 48. 16. 97. 69. 41. 71. 17. 20.]
 [67. 23. 83.  5. 88. 93. 96. 24. 30. 55. 26. 77. 74. 27. 35.]
 [83. 55. 91. 63. 52.  6. 19. 69.  6. 27. 72. 75. 52. 48. 99.]
 [82. 39. 49. 24. 22. 14. 69. 36. 76. 73.  1. 94. 61. 25. 86.]
 [32. 11. 86. 22.  1.  5. 22. 33. 70. 64. 44. 87. 96. 17. 72.]]
 
[[77. 42. 80. 13. 23. 35. 46. 73. 48. 31.  1. 22. 97. 91.]
 [50. 30. 81.  0. 53.  8. 94. 99. 94.  3. 77. 67. 26. 22.]
 [48.  5. 37. 64. 98. 57. 89. 82. 96.  1.  2. 16. 40. 91.]
 [99. 72. 66. 58. 65. 81. 44. 49. 51. 47. 17.  4. 84. 76.]
 [82. 51.  9. 26. 58. 62. 23. 87. 57. 49. 89. 99. 79. 90.]
 [75.  9. 23. 27. 37.  6. 42. 81. 14. 93. 61. 10.  5. 69.]
 [68. 26. 61. 28. 36. 83.  5.  3. 37. 74. 12.  3. 58.  2.]
 [41. 55. 60. 60. 48. 94. 79.  6. 49. 25. 70. 99. 37. 85.]
 [50. 93. 34. 25. 54.  4. 50. 97. 12. 79. 24. 67. 57. 64.]
 [57. 60. 64. 83. 91. 84. 26. 35. 35.  1. 63. 13. 39. 99.]
 [34. 57. 52. 98. 90. 61. 71. 82. 22. 75. 65. 96. 98. 20.]
 [36. 87. 59.  4. 47. 54. 19. 87.  7. 50. 61. 58. 36. 79.]
 [33. 25. 46. 26. 16. 86. 64. 77. 44. 39. 89. 24. 13. 26.]]
 
[[93. 11. 19. 16. 15. 58. 33. 76. 30. 73. 34.  7.]
 [43. 31. 96. 57. 80. 54. 91. 56.  6. 61. 18. 26.]
 [68. 18. 33. 89. 88. 97. 91.  5. 99. 93.  1. 81.]
 [73.  6. 59. 64. 68. 62. 55. 24. 12. 13. 98. 70.]
 [50. 59. 90. 66. 46. 78. 43. 54. 76. 85. 44. 31.]
 [84. 76. 62. 48. 20. 63. 15. 13. 15. 57. 45. 14.]
 [59. 70. 66.  6. 89. 72. 88. 91. 54. 76. 81. 57.]
 [80.  7. 88. 25. 26. 90.  5. 62. 49. 70. 94. 65.]
 [62. 53. 87. 39. 86. 32. 75. 36.  2. 14. 90. 41.]
 [13. 57. 61. 33.  2. 89. 94. 71. 99. 92. 77. 26.]
 [44. 76. 56. 70. 19. 15. 88. 99.  7. 42.  8. 71.]]
 
[[56. 22. 62. 15. 99. 16. 14. 34. 94. 87. 67. 70. 79. 12. 43. 78.]
 [85. 35. 12. 11. 30. 11. 11. 16. 90. 85.  4. 32. 19.  7.  7. 25.]
 [35. 64. 59. 18.  0. 11. 45. 71. 28. 45.  4. 62. 21.  6. 66.  0.]
 [51. 49. 86. 33. 94. 18. 71. 33. 71. 58.  3. 36. 19. 35. 18.  4.]
 [55.  7.  9. 15. 16. 65. 41. 58. 97. 28. 44. 20. 14. 75. 60. 29.]
 [27. 14. 43. 13. 71. 22. 95. 24. 66. 59. 21. 67. 35. 27. 37. 67.]
 [60. 75. 65.  8. 80. 36. 96. 34.  6. 64. 51.  4. 67.  1. 53. 76.]
 [44. 34. 85. 29. 97. 39. 11. 61. 71. 82. 36. 20. 48. 51. 70. 99.]
 [47. 47. 51.  9.  1. 87. 68. 21. 12. 34.  1. 45. 28.  5. 43. 46.]
 [37. 62. 71. 89. 73. 35. 33. 66. 74. 46. 50. 34. 92. 19. 51.  6.]
 [ 7. 49. 82. 52. 63. 34. 37. 56. 53.  2. 25. 85. 17. 14. 91. 60.]
 [10. 46. 58. 56. 87. 46. 99. 45. 85.  3. 71. 43. 75. 56. 60. 90.]
 [95. 75. 15. 95. 48. 12. 95. 64. 74. 13. 96. 16. 91. 95. 32. 90.]
 [82. 71. 35. 38. 25. 74. 32. 19. 90. 58.  3. 76. 41. 69. 62. 77.]
 [83. 74. 80. 94. 66. 58. 16.  2. 11. 95. 42. 79. 73. 87. 57.  2.]]
 
[[96.  4. 43. 96. 25.  8. 93. 26.]
 [18. 98. 70.  2.  4. 65. 59. 33.]
 [69. 12. 75. 20. 13.  0. 16. 20.]
 [17. 15.  3. 92.  7. 10. 98. 99.]
 [91. 41. 26. 72. 16. 53. 22. 40.]
 [90. 36. 16. 38. 40. 70.  1. 55.]
 [47.  3.  4. 89. 64. 65. 63. 22.]]
 
[[25. 71. 25. 94. 64. 22. 27.  4.  9. 88.  2. 18. 15. 81. 40. 11.]
 [70. 75. 50. 34. 34.  9. 68. 72. 49. 94. 30. 20. 53. 69. 71. 82.]
 [62. 14. 55. 30. 54. 29. 39. 78. 56. 25. 89. 98. 16. 32. 47. 45.]
 [97. 11. 65. 46. 30. 59. 21. 40. 62. 76. 28. 45. 15.  7. 93. 34.]
 [96. 17. 65.  0.  9. 44. 39. 88.  3. 38. 75. 88. 53. 16. 84. 97.]
 [36. 34. 82. 49. 17. 33. 54. 84. 89. 86. 60. 45. 23. 66. 39.  1.]
 [27.  3. 72. 22. 73. 88. 93. 61. 54. 97. 64. 74. 82. 31. 99. 19.]
 [95. 46. 53. 39. 83.  7. 48. 73.  5. 72. 77. 89.  7. 44. 16. 63.]
 [41. 38. 12. 97. 22.  1. 78. 50. 94. 69. 41. 81. 93. 61. 89. 69.]
 [ 3. 97. 28. 65. 14. 20. 95. 96. 52. 52. 23. 36. 68. 14.  8. 78.]
 [71. 72.  0. 96. 34. 74. 27.  0. 64. 36. 34.  7. 56. 64. 21. 53.]
 [95. 21. 91. 11. 74. 81. 62. 41. 93.  0. 68. 95. 87. 91. 78. 48.]
 [24. 35. 92. 60. 88. 40. 22.  6. 67. 48. 79. 37. 60. 11. 23. 50.]
 [49.  5. 93. 76. 96. 68. 49. 87. 25. 52.  4. 40. 82. 19. 29. 61.]
 [99. 98. 45. 19.  0. 91. 89. 62. 54. 49. 56.  9. 34. 46. 96. 93.]]
 
[[ 2.  2. 96. 47.  5.  8.  5. 74. 22.]
 [ 7. 54. 74. 44. 13. 90. 91. 84. 46.]
 [31. 80. 12.  0. 19. 86.  0. 54. 96.]
 [51. 88. 32. 40. 22.  2. 22. 19. 61.]
 [ 4. 42. 86. 99. 37. 38.  1. 56. 20.]
 [73. 56. 43. 35. 60. 79. 66. 40. 67.]
 [27. 88. 85. 20. 25. 51. 26. 71. 95.]
 [37. 83. 87. 23. 60. 10. 18. 75. 13.]]
 
[[49. 15.  8. 36. 44. 85. 84. 42. 46.  3. 19. 58. 62. 77. 26.]
 [73. 19. 49. 64. 38. 73. 60. 95. 69. 67. 80. 11. 44. 73. 64.]
 [33.  7. 13. 51. 45. 69. 70. 11. 15. 34.  4. 12. 55. 81. 25.]
 [37. 94.  1. 26. 55. 75. 34. 18.  8. 29.  1. 49. 74. 29. 76.]
 [ 2. 34. 11. 30. 41.  5.  5. 67.  3. 39. 55. 52. 98. 71. 70.]
 [50. 44. 46. 93. 39.  7. 68. 20.  5. 44. 27. 86. 75. 92. 40.]
 [21. 56.  2. 11. 10. 94. 31. 68. 60. 64. 44. 51. 10. 67. 98.]
 [16. 17.  0. 62. 42. 58. 54. 43. 73. 89. 38.  0. 38. 20. 27.]
 [12. 92. 33.  9.  5.  9. 26.  5. 78. 71.  3. 89. 72.  7. 51.]
 [29. 79. 25. 48. 79. 37. 49. 78. 51. 22. 10. 47.  1. 61. 10.]
 [ 0. 22. 22. 95. 81. 17. 68. 27.  5. 41. 19. 64.  7. 87. 38.]
 [21. 63. 73. 46. 30. 54. 67. 26. 27. 48. 61. 88. 74. 17. 13.]
 [73.  0. 11. 52.  3. 21. 20.  6. 58. 58. 66. 99. 12. 28.  2.]
 [22. 33. 68. 73. 56. 31. 61.  0. 26. 97. 42. 84. 59. 12. 84.]]
 
[[43. 69. 76. 52. 23. 45. 53.]
 [98. 92. 73. 48. 26. 33. 61.]
 [19. 21. 74. 99.  1. 23. 31.]
 [57. 50. 75. 72. 66. 34. 17.]
 [ 8. 30. 64. 24. 62. 74. 48.]
 [ 8. 66. 24. 53. 24. 32. 63.]]
 
[[27. 38. 78. 15. 25.  0. 24.  5. 64. 20. 31. 79. 78. 25.]
 [ 8.  7. 29.  6. 20. 86. 96. 86. 93. 14. 35. 31. 86. 19.]
 [30. 33. 97.  1. 25. 20.  3. 78. 37. 26. 76. 52. 21. 97.]
 [73. 84. 50. 30. 88. 52. 84.  8. 99. 31. 97. 65. 85. 41.]
 [16. 27. 30. 15. 76. 17. 84. 30. 58. 42.  6. 42. 37. 64.]
 [34. 49. 21. 23. 76. 29. 91. 93. 49. 94. 45. 81.  0. 19.]
 [70. 47. 76.  0.  4. 73. 12. 94. 13.  8. 86. 48.  5.  8.]
 [25.  0. 96. 40. 81. 12. 30. 20. 72.  1. 87. 57. 96. 29.]
 [42. 72. 73. 99. 17. 61. 99. 84. 85. 95. 44. 35. 74. 63.]
 [26. 31. 43. 82. 57. 34.  6. 47. 46. 71. 68.  0. 30. 10.]
 [33. 60.  3. 26. 57. 57. 32. 78. 48. 27. 99. 23. 59. 84.]
 [48. 29. 46. 56. 61.  4. 95. 62. 82. 36. 58.  3. 48. 34.]
 [32. 19.  7. 53. 81. 78.  8. 89. 60.  4.  3. 30. 78. 19.]]
 
[[25. 22. 52.  8. 17. 20. 68. 68. 40. 95. 82. 58. 42. 66. 22. 27.]
 [18. 31. 73.  4. 80. 65. 96. 23. 31. 98.  0. 60. 70. 67. 11. 18.]
 [81. 15. 56. 73. 20.  4. 31. 94. 16. 22. 64. 61. 15. 45. 62. 73.]
 [71. 64.  2. 67.  3. 22. 15. 67. 74. 51. 28. 79. 42. 13. 66. 88.]
 [73. 53.  4. 51. 34. 58. 40. 93. 73. 98. 36. 74. 13. 57. 63. 32.]
 [59. 69. 46. 76. 84. 27. 32. 19. 34. 32. 94. 22. 27.  0. 68. 17.]
 [13. 23. 35. 54. 10. 49.  6. 13. 14. 55.  9. 44. 80.  4. 27. 73.]
 [24.  0. 73.  9. 34. 16. 71. 46. 50. 61. 24. 57.  1. 91.  1. 51.]
 [79. 94. 23. 29. 43. 11. 13. 91. 10.  9. 16. 24. 49. 96. 80.  9.]
 [21. 94. 87.  1. 41.  8. 50. 41. 13. 87. 52. 75. 25. 78. 38.  2.]
 [22. 24. 33. 29. 49. 92. 25. 93. 47. 70. 52. 49. 83. 95. 89. 22.]
 [12. 37. 10. 50. 43. 35. 81. 69. 66. 53. 79. 23. 65. 81. 89. 13.]
 [44. 77. 13. 68. 57. 70. 37. 71. 18. 62. 60.  9. 24. 61. 97. 62.]
 [85. 31. 13. 85. 80. 68. 50.  7. 54. 86.  3. 29. 21. 88. 61. 99.]
 [25. 27.  5. 35. 42. 73. 56. 88. 17.  0. 31. 42. 96. 64. 27. 76.]]
 
[[39. 67. 23. 92. 19. 79.]
 [42. 10. 52. 90. 83. 77.]
 [46. 36. 91. 34. 61. 87.]
 [46. 52. 55. 12. 96. 12.]
 [12. 69. 17. 23. 67. 65.]]
 
[[57. 25. 13. 74.  1. 80. 66. 85. 41.]
 [89. 25. 64. 27. 34. 57. 21. 99.  0.]
 [33.  2. 26. 59. 95. 74. 89. 91. 40.]
 [57. 21. 42.  3. 48. 59. 37. 36. 15.]
 [29. 81. 76. 87. 70.  2. 28. 99. 70.]
 [26. 48. 82. 45. 76. 72. 46.  3. 71.]
 [55. 60. 88. 79. 79. 11. 25. 27. 56.]
 [74. 68. 35. 17. 30. 13. 79.  3. 38.]]
 
[[30. 40. 48. 20. 23. 68. 40. 85. 20. 93. 20.]
 [75.  2. 81.  8. 80. 28. 89. 25. 65. 91. 18.]
 [41. 27. 21. 80. 90. 20. 37. 25. 42. 15. 61.]
 [56. 60. 60. 52. 95. 53. 28. 84. 77. 15. 96.]
 [74. 57. 56. 44. 58. 50. 52. 56. 71. 70. 50.]
 [83. 78. 12. 97. 85. 48. 78.  1. 78. 19. 55.]
 [74. 51. 55. 53. 49. 12. 83. 71. 34. 48.  2.]
 [63. 66. 93. 70. 71. 39. 76.  1. 64. 52. 75.]
 [36.  6. 35. 88. 42. 96. 25. 59. 81. 44. 41.]
 [70.  8. 75. 65.  5.  3. 11. 15. 25. 97. 46.]]
 
[[ 5. 86. 89.  9.  6. 41. 97. 99. 86. 75. 21. 18.]
 [18. 32. 45. 60.  5. 96. 90. 61. 15. 31. 33. 54.]
 [17. 44.  0. 42. 53. 22. 88. 67. 80. 74. 28. 55.]
 [97. 72. 27. 41. 66.  5. 66. 58.  7. 19. 44. 84.]
 [61. 53.  6. 18.  3. 84. 54. 24. 52. 31. 96. 50.]
 [62.  8. 72.  8.  4. 32. 61. 73. 24. 22. 43. 36.]
 [71.  0.  9. 11. 16. 64. 76. 14. 48. 26. 68. 88.]
 [ 4. 82. 86. 58. 11. 18.  9. 94. 97.  6. 78. 68.]
 [70. 81. 76. 54.  5.  6. 52. 49. 35. 71. 66. 65.]
 [54. 60. 32. 76.  6. 75. 46. 64. 81.  1. 44. 48.]
 [56. 96. 27. 23. 17. 89. 17. 40. 98. 84. 53. 85.]]
 
[[46. 45. 58. 26. 60. 58. 84.]
 [ 4. 46. 39. 47.  2. 44. 37.]
 [66. 24. 63. 18. 87. 65. 22.]
 [ 0. 79. 72. 55.  0. 86. 87.]
 [72.  8. 32. 44. 77. 24. 30.]
 [80. 83. 62. 81. 94. 16.  9.]]
 
[[66. 65. 25. 35. 52.  2. 85.]
 [66.  0. 95. 24. 97. 33. 52.]
 [27. 10. 80. 10.  8. 87. 83.]
 [29. 51. 21. 85. 85. 74. 16.]
 [ 9. 32. 65. 57. 54. 46. 30.]
 [62.  6. 58.  0. 89. 97. 57.]]
 
[[35. 23. 80. 80. 51. 69. 81. 77.  5. 46. 21. 85. 90. 61. 30.]
 [36. 33. 48. 79. 83. 28. 86. 29. 46. 40. 38. 24. 81. 67. 42.]
 [24. 43. 14. 26. 50.  7. 37. 46. 88. 36. 38. 43. 23. 52. 94.]
 [ 7. 45. 18. 94. 49. 99. 66. 23. 51. 57. 50.  0. 41.  5. 26.]
 [41. 50. 42. 44. 51. 60.  8. 71. 74. 70. 30. 32. 45. 57. 67.]
 [88. 94. 90. 42. 76. 60. 32. 97. 52. 43. 82. 23. 25. 24. 29.]
 [77. 46. 17. 27. 26. 70. 18. 77. 73. 59. 69. 99. 69. 16. 63.]
 [ 0. 65. 20. 86. 98. 96. 33. 71. 99. 41. 50. 96. 20.  5. 75.]
 [95. 30. 65. 14. 91. 97. 30. 35. 25. 71. 97. 38. 51. 63. 85.]
 [88.  9. 60.  5. 67. 33. 41. 20.  9. 98.  7. 87. 85. 11.  6.]
 [ 9. 40. 20. 72. 19. 48. 39.  4. 21.  2. 22. 84. 60. 36.  3.]
 [84. 78. 66. 10. 14. 29. 57. 94.  7. 63. 59. 84. 98. 12.  7.]
 [15. 43. 47. 93. 97.  4. 18. 42. 11.  5. 48. 13. 30. 67. 98.]
 [41. 68. 43. 60. 86. 87. 50. 14. 28. 35.  7. 82.  5. 88. 30.]]
 
[[93. 52. 52. 60. 65. 83. 90.  7. 98. 94. 32.]
 [53.  4. 71. 51.  7. 75. 82. 59. 86. 76.  4.]
 [29. 90. 22. 41. 71. 53. 65. 79. 40. 60. 70.]
 [38. 40. 38. 62. 34.  7. 65. 35. 30. 93. 47.]
 [83. 85. 62.  7. 80. 27. 41. 66. 32.  2. 87.]
 [28. 75. 87. 65. 11. 12. 16. 94. 27. 34. 30.]
 [93. 56. 78. 70.  6. 79. 84. 25. 80. 88. 29.]
 [36. 66. 78. 94. 54. 64. 46. 28.  1. 77. 27.]
 [21. 84. 58.  9.  6. 20. 78. 19. 50. 10. 66.]
 [62.  3. 48. 61. 61. 53. 58. 44. 25. 15. 89.]]
 
[[82. 74. 92. 58. 94.  7. 92.  5. 26.]
 [93. 87. 55. 87. 29. 19. 78.  2. 81.]
 [99. 82.  4.  6. 72. 62. 28.  1. 37.]
 [19. 79. 26. 16. 99. 92. 47. 30. 73.]
 [14. 82. 88. 38.  2. 70. 84. 96. 45.]
 [52.  5. 43. 35. 12. 35. 88. 54.  4.]
 [44. 22. 36. 35. 86. 44. 82. 26. 36.]
 [ 8. 53.  6. 59. 57. 61. 15. 85. 18.]]
 
[[35.  9. 90. 37. 57. 71. 11. 94. 34. 90. 33. 81.  0. 12. 15.]
 [20. 50. 69. 29. 13. 45. 42. 82. 51. 58. 99. 56. 66. 27. 28.]
 [ 5. 82.  7. 21. 22. 24. 17. 42. 87. 56. 58.  1. 50. 13. 53.]
 [86.  3. 61. 20. 41. 57. 34. 55. 20. 63. 52. 10. 26. 12. 66.]
 [91. 22. 40. 53. 61. 31. 67. 34. 12.  2.  7. 67. 36. 97. 25.]
 [10. 23. 75. 25. 18. 84. 14. 52. 88. 86. 29. 59.  8. 66. 75.]
 [33. 52. 67. 44. 86. 66.  9. 19. 42. 60.  6. 90. 83. 35. 55.]
 [44. 25. 84. 85. 30.  8. 59. 85.  0. 88. 68. 31. 55. 35. 66.]
 [35. 33. 92. 82. 39. 96. 16. 10. 41. 61. 10.  1. 19.  7. 75.]
 [37. 87. 14. 95. 97. 42. 51. 15. 17. 90. 17. 83. 16. 98. 25.]
 [84. 50. 56. 18. 60. 50. 60. 82. 58. 77. 18. 12. 13. 39. 53.]
 [ 0. 65. 79. 42. 20. 41. 53. 29. 75. 71. 91. 25. 59. 56. 94.]
 [31. 65. 28. 61. 83. 44. 71. 39. 31. 46. 98. 35. 47. 31. 79.]
 [77. 15. 85. 87. 58. 18. 33. 62. 87.  4. 92. 10. 48. 81. 55.]]
 
[[80. 96. 22. 83. 91.  2. 73. 88. 40. 52. 39. 37. 91.]
 [91. 62. 55. 21. 30. 10. 64.  0. 72. 27. 99.  3. 54.]
 [87. 68.  0. 41. 90. 16. 16. 79.  6. 12. 64. 30. 78.]
 [ 1. 78. 84. 82. 15. 72. 98. 86. 30. 99. 14. 18.  1.]
 [ 4. 50. 33.  1. 49. 79. 98. 20. 18. 22. 50. 36.  9.]
 [62. 47.  0. 95. 44. 14. 65. 64. 19. 56. 75. 60. 92.]
 [92. 42. 83.  0. 39. 32.  2. 50.  3. 73. 54. 84.  7.]
 [ 8. 86.  4. 45.  8. 88.  4. 45. 87. 44. 19. 60. 13.]
 [49. 89. 66. 23.  5. 66.  6. 93. 81. 52. 62. 24. 67.]
 [58. 48. 85. 39. 77. 67. 94. 31. 64. 41. 23. 47. 18.]
 [60. 31. 60. 34.  7.  7. 74. 76. 74. 81. 43.  3. 80.]
 [26. 76. 49. 47. 97. 95.  0. 78. 61. 96. 64. 20. 42.]]
 
[[27. 58. 94. 39.  4. 80. 51. 31. 22.  9. 28.]
 [95.  5. 76. 69. 59. 96. 26. 35. 42. 77. 63.]
 [16. 52.  8. 99. 89. 66. 28. 67. 23. 15. 68.]
 [94. 91. 90. 59. 61.  1. 92.  2. 15. 83.  4.]
 [14. 94. 74. 63. 83. 26. 26. 30. 92. 41. 92.]
 [31. 59. 65. 88. 47. 58. 14. 64.  6. 11. 24.]
 [47. 51.  8. 17. 32. 68. 36. 70. 47. 17.  3.]
 [17.  5. 17. 21. 62. 94. 23. 91. 43.  1. 47.]
 [69. 94. 96. 41. 62. 36. 61. 47. 70. 15.  2.]
 [79. 83. 47. 57. 93. 34. 24. 58. 74. 87. 10.]]
 
[[50. 22. 43. 82. 89. 51. 48. 99. 10. 77. 10. 40. 85. 10. 40.]
 [82. 72. 64. 49. 82. 47. 26. 75. 89. 25. 79.  3. 95. 30. 90.]
 [ 0. 63. 94. 68. 15. 72. 85. 68. 66. 18. 58. 92. 39. 12. 94.]
 [97. 65. 41. 82. 11. 52. 93. 84. 75. 17. 74.  2. 35. 57. 51.]
 [ 3. 55. 39. 77. 37. 11. 62. 20. 26. 91. 75. 19. 14.  7. 59.]
 [52. 40.  7. 63. 23. 77. 13. 21. 49.  0. 84. 39. 75. 42.  3.]
 [16. 66. 28. 84. 22. 24. 17. 45. 43. 54. 47. 38. 57. 26. 51.]
 [76. 69. 56. 33.  4. 98.  0. 61. 59. 38. 92. 12.  6.  9. 14.]
 [13. 88. 39. 75. 82.  3. 13. 85. 44. 24. 14. 84.  2. 59. 11.]
 [11. 24. 49. 79. 25. 20. 83.  9.  3. 63. 26. 70. 88. 99. 60.]
 [67. 45. 33. 71. 90. 17. 95. 12. 29. 85. 20. 54. 31. 97. 78.]
 [83.  2. 24. 36. 26. 76. 47. 18.  0. 13. 37. 15. 63. 91. 30.]
 [53. 35. 76. 58. 59. 10. 84. 78. 76. 81.  3. 83. 73. 15.  4.]
 [15.  2. 96.  4. 89.  3. 46. 54. 46. 41. 22. 52.  0. 52. 45.]]
 
[[40. 75. 69. 43. 95.  4. 39. 36. 68.]
 [20. 23. 99. 78. 32. 58. 50.  5. 53.]
 [14. 52. 90. 38. 23. 50. 13. 61. 62.]
 [ 8. 50. 97. 52. 38. 46. 17. 67.  3.]
 [ 8. 74. 99. 37. 71. 57. 21. 53. 74.]
 [84. 87. 40. 57. 61. 28. 25. 30.  4.]
 [53.  1. 20. 11. 85. 75. 78. 81. 18.]
 [38. 89. 14. 47. 97.  8. 58. 76.  2.]]
 
[[48. 89. 99.  1. 23. 60. 84. 15. 93. 67.  2.  6. 74. 94. 98.]
 [96. 82. 46. 67. 89. 21. 84. 51. 56.  1. 54.  6. 76. 34. 59.]
 [86. 91. 63. 31. 73. 41. 41. 34. 38. 50. 82. 72. 54. 13. 82.]
 [68. 84. 44. 95. 60. 65.  2. 60. 99. 27. 89. 33. 84. 21. 91.]
 [20.  3. 52. 49. 73. 59. 89. 44. 13.  6. 43. 96. 94. 73. 76.]
 [25. 92. 24. 15. 20. 83. 93. 29. 91. 91. 72. 67. 52. 18. 82.]
 [55. 79. 14. 80. 96. 64. 43. 93. 57. 80. 64. 47. 92. 95. 10.]
 [27. 61. 98. 65. 19. 41. 53. 20. 89. 74. 31.  0. 16.  8. 92.]
 [39. 14. 56. 70. 47. 40. 87. 79. 71. 61.  0. 77. 68. 60. 33.]
 [84. 32. 61.  2. 88. 74. 84. 72. 37. 24.  6. 12. 40.  6. 18.]
 [26. 48. 46. 23. 23. 54. 32. 24. 27. 35. 20. 30. 33. 47. 43.]
 [41. 47.  1.  4. 79. 18. 85. 28.  9. 69. 17.  9. 38. 68. 95.]
 [ 3. 28. 50. 52. 39. 50. 87. 53. 32. 19. 71. 41. 71.  4. 60.]
 [46. 10. 36. 66. 57. 69. 16. 18. 99.  9. 58. 93. 53. 65. 64.]]
 
[[77. 56. 47. 15. 64. 10. 98. 21.]
 [ 1. 51. 80. 91. 12.  4. 73.  6.]
 [ 0. 82. 61. 16. 99. 94. 65.  0.]
 [81. 65. 99.  3. 37. 85. 78. 32.]
 [57. 84. 41. 64. 71. 30. 56. 46.]
 [91. 50. 61.  9. 82. 89. 89. 55.]
 [52. 60. 51. 18. 46. 14. 51. 47.]]
 
[[24. 84. 61. 95. 17. 87.  3.]
 [37. 11. 64. 57. 24. 41. 91.]
 [97. 46. 79. 19. 97. 26. 84.]
 [27. 87. 38.  5. 26. 89. 39.]
 [92. 91. 93. 67. 76. 16.  9.]
 [37. 49. 40.  9. 16. 47. 80.]]
 
[[52. 84. 41. 67. 49. 15. 32. 91.]
 [66. 15. 56. 68.  0. 84.  1. 49.]
 [69. 43. 72. 54. 71. 82. 43. 84.]
 [97. 19. 26. 20. 41. 65. 78. 74.]
 [17. 81. 71. 87. 77. 82. 21. 82.]
 [ 9. 60. 82. 98. 78. 35. 28. 16.]
 [98. 58. 82. 23. 27.  2. 15. 49.]]
 
[[32. 96. 27. 26.  2. 52. 55. 63.]
 [ 5. 80. 39. 94.  1.  2. 21. 99.]
 [41. 49.  6. 96. 65. 24. 68. 75.]
 [28. 57.  7. 68. 10. 84. 16. 40.]
 [75. 79.  8. 51. 81. 83. 31. 77.]
 [93.  6. 44. 13. 97. 58. 13. 24.]
 [50. 86.  2.  0. 27. 79. 17. 55.]]
 
[[19. 71. 17. 20. 26. 86. 99.]
 [46. 56. 34.  9. 60. 97. 20.]
 [81. 47.  6. 57. 90. 58.  2.]
 [37. 30.  9. 98. 27. 81. 97.]
 [47. 12. 48. 10.  2. 65. 99.]
 [ 3. 99. 14. 79. 45. 78. 32.]]
 
[[ 6.  2. 52. 71. 99. 33. 58. 61. 58. 70. 66. 72.]
 [ 1.  6. 14.  8. 42. 21. 87. 40. 46.  3.  3.  7.]
 [82. 62. 30.  3. 40. 60. 36. 31. 62. 77. 24. 60.]
 [63. 33. 35.  8. 96. 54. 43. 39. 12. 97. 28. 71.]
 [52. 77. 65. 84.  4.  5. 36. 50.  7. 56. 18. 35.]
 [ 2. 55. 42.  5. 46. 95. 68. 74. 77. 90. 49. 74.]
 [93. 58.  3. 25. 29. 53. 73. 15. 36. 93. 17. 66.]
 [24. 83. 11. 79. 54. 48.  2. 10. 87. 65. 81. 69.]
 [57. 62. 59. 91. 71. 30. 40. 43. 42. 99. 57. 12.]
 [10. 52. 42. 67. 41.  2.  6. 98. 35. 98. 56. 61.]
 [65. 15. 26. 82. 55.  8. 84. 70. 18. 93. 68. 16.]]
 
[[68. 38. 17. 23. 17. 19. 44.  3. 93. 23. 31. 76. 29.]
 [78. 43. 14. 89. 70. 98. 11.  2. 18. 38. 55. 86. 58.]
 [54. 37.  2. 29. 29.  9. 82. 74. 39.  4. 96. 74. 74.]
 [72. 53. 49. 98. 52. 37. 19. 27. 11. 26. 94.  8. 15.]
 [52. 14. 26. 90. 68. 33. 91. 59. 56. 71.  6. 55. 29.]
 [87. 56. 20. 11. 52. 71. 67. 81. 98. 69. 61. 95. 33.]
 [73. 27. 61. 22. 96. 36.  8. 82. 64. 20. 34. 76. 42.]
 [ 6. 36. 27. 14.  8. 68. 31. 98. 48. 83. 35. 27. 12.]
 [12. 56. 38. 62. 18. 99. 85. 89. 87. 31. 59. 33.  0.]
 [54. 60. 56. 39. 10. 38. 91. 19. 83. 30. 67. 30. 95.]
 [44. 46.  3. 99. 15.  3. 26. 56. 56. 20.  8. 73. 70.]
 [ 9. 68. 67. 37. 46. 73. 21. 32.  9.  7. 75. 65. 55.]]
 
[[27. 51. 96. 74. 16. 96. 29. 40. 28. 31. 71.]
 [86. 57. 10. 32.  8. 43. 58.  5. 61. 67. 37.]
 [92. 67. 84. 54. 50. 33. 54. 23. 56. 26. 67.]
 [71. 48. 76. 19. 33. 34. 74. 84. 38. 76. 28.]
 [59. 21.  5. 81. 83. 79.  0.  8.  8. 94. 91.]
 [71. 85.  8. 25. 81. 22. 44. 93. 10.  3. 19.]
 [90. 92. 45. 81. 53. 21. 98. 47. 43. 20. 74.]
 [36. 52. 73.  5. 19. 42. 10. 17. 10.  6. 93.]
 [74. 69. 84. 62. 16. 34. 31.  8. 75. 85. 90.]
 [29. 54. 81. 56. 35. 81.  8. 96. 57. 27. 88.]]
 
[[39. 88. 95. 88. 78. 23.  7. 86. 94. 79. 21. 56. 31.  8.]
 [27. 88. 84. 25. 41. 69. 62. 35. 20.  1. 39. 37. 93. 30.]
 [89.  2. 42. 48. 15. 22. 63. 39. 51. 80.  8. 29. 20.  1.]
 [71.  0. 63. 47. 23. 69. 77. 32. 52. 95. 47. 75. 94.  6.]
 [43. 69. 84. 92. 43. 62. 41. 28. 11. 34. 65. 45. 12. 68.]
 [13. 17. 37.  4. 34. 56. 86. 23. 32. 93. 35. 22. 47.  4.]
 [49. 61. 97. 86. 88. 14. 69. 58. 43. 15. 65. 34. 70. 54.]
 [18. 58. 54. 85. 20. 59. 89. 24. 85. 12. 22. 94. 99. 26.]
 [61. 21. 30. 65. 38. 46. 59. 55. 92. 18. 15. 41.  3. 20.]
 [86. 34.  0. 60. 14. 10. 99. 81. 16. 94. 79. 69. 81. 32.]
 [92.  7. 69. 31. 80. 56. 62. 42. 26. 13. 52. 11. 47. 39.]
 [60. 76. 34. 91. 10. 91. 57. 27. 87. 93. 56. 98. 78. 19.]
 [42. 56. 51. 48. 33. 80. 42. 62. 49. 94.  3. 56. 91. 56.]]
 
[[99. 49. 32. 16. 30.  7. 14. 12. 19. 63.]
 [28. 59. 15. 74. 45. 45. 17.  1. 38. 46.]
 [97.  3. 90. 35. 77. 76.  4. 85. 71. 56.]
 [72. 57. 40. 66. 39. 22. 75.  0. 94. 79.]
 [71. 42. 44. 89. 40. 94. 62. 25.  1. 31.]
 [38. 82. 27.  7. 50. 41. 39. 56. 22. 16.]
 [67. 61. 33. 42. 81. 16. 60. 95. 85. 74.]
 [76. 75. 58. 46. 96. 75. 70. 72. 28. 37.]
 [ 1. 35. 45. 99. 50. 65. 43. 11. 80. 63.]]
 
[[76. 69. 63. 21. 62. 21.]
 [58. 61.  1. 63. 31. 90.]
 [36. 82. 65. 62. 53.  6.]
 [44.  6. 62.  4. 82.  9.]
 [93. 95. 14.  8. 94. 75.]]
 
[[30. 13. 58.  3. 31. 95. 49.]
 [86. 69. 77. 60.  8. 70.  6.]
 [34.  1.  2. 71. 24. 37. 67.]
 [60. 28. 59. 43. 58. 54. 44.]
 [54. 72. 87. 42. 98.  0. 57.]
 [74. 47. 30. 45.  5. 89. 49.]]
 
